1 0.0978887504367 -0.0413662000704 0.199874727814
0 0.572800398991 -0.0590129860944 0.100368565255
0 -0.485398900413 -0.97782461527 -0.147149172755
1 -0.189642029224 0.331112675679 0.261508017428
0 0.0998502363124 -0.0941524471208 0.0548092819867
0 -0.0630096171254 0.446017711366 -0.463143753655
0 -0.610988302846 -0.633391775306 -0.188699601264
0 0.130706958647 0.561772799172 -0.398367705766
1 -0.15899257655 -0.0287208652245 -0.201790987787
0 -0.0545155049085 0.0637788552133 0.00858361158647
0 0.0905714263942 -0.0978674641672 0.242667064174
0 0.0686848171246 -0.148586182315 -0.38940123573
0 -0.168576972804 -0.180770739721 -0.0864611102346
1 -0.0463741965609 0.283819142619 -0.0966848673686
1 0.133913229895 0.0719918836384 -0.0526666487878
0 0.403838270543 0.746723755427 -0.335750743973
1 -0.524732483746 0.150055576971 0.180767593665
0 -0.338913161576 -0.260950453094 -0.378184920981
1 -0.299147050562 -0.532845880616 0.164635343707
1 -0.530008840907 -0.821049351514 0.298044985214
1 0.625574002947 0.637207640918 0.100335317303
0 -0.704502670229 0.0188978961075 -0.349893823063
1 0.123877520085 0.390091821164 0.120582744366
1 -0.767546804965 0.248030822612 -0.235326263116
0 0.361062974724 -0.104601229036 -0.0126634971146
1 0.200898050246 0.194241061593 0.488129512394
1 -0.267927784729 0.0566006677314 0.292535218077
1 0.0924187021196 0.15686688117 0.201267120695
1 0.311418904304 0.141023316288 0.424949501548
0 0.121931480442 -0.422652599145 -0.352639590097
1 0.268121215335 -0.626411019205 -0.151500029837
0 -0.223363391389 -0.458479370315 0.455181347451
1 -0.179183812931 -0.181006106191 0.0847151425487
0 0.454908320831 0.663399159213 0.116112679689
1 -0.49593273146 0.466419376687 -0.128773850184
1 0.217432253901 0.620085966862 0.0384319513808
1 0.0753036413221 -0.306707281912 0.111828061338
1 -0.0752033970138 -0.0152324612196 0.00327395352385
1 0.856695620867 0.414932807859 -0.131605147677
0 -0.282972020208 -0.16988293767 0.345411436433
0 -0.138180546224 -0.342421651032 0.00306855787089
0 0.161301218972 0.647952904486 -0.0708279246865
0 0.17876671438 0.763980790464 -0.0760201692744
1 -0.127410297886 0.543649012766 -0.395815695085
0 0.0681758584061 -0.323347293061 -0.114187840041
1 -0.282604797434 -0.82825680659 -0.113055272835
1 0.528841332231 0.151950683498 0.149817851821
1 -0.725524260965 -0.9116940001 0.0977003941719
1 0.794700687887 0.295083138766 -0.409798500821
0 0.119174046506 0.361062588095 0.172113363312
1 0.0389781799486 -0.273250746481 -0.152185409179
0 0.310400662262 0.0345621648485 -0.271170804882
1 0.05620399158 0.00198170359987 -0.0959084658625
0 -0.130439666478 -0.229812535381 -0.12394346726
1 -0.369596778486 -0.606798710698 -0.513229148277
0 -0.0479866774929 -0.562508572738 -0.0342022709891
0 -0.123770968608 -0.211287233166 -0.16590443605
0 0.0959212128463 -0.403588533173 -0.163037894182
0 -0.00331098843517 -0.542267291609 0.10879621378
1 -0.0402763180572 0.155683483078 -0.281165000625
1 0.119681143368 -0.0957120350464 -0.0202764831129
1 -0.0367674111797 0.0976204413471 0.204720302088
1 0.283198279021 0.7566797987 0.337402589641
1 -0.0782081274545 -0.669303146694 0.0763075184508
1 0.160333775201 0.145247829711 -0.368044539247
1 0.142604474825 0.759447244096 0.451957624156
1 -0.288358665171 -0.148379731533 -0.348133959323
1 -0.282685321279 -0.763823093217 0.455983178928
0 0.112071163411 0.596980155556 0.455963434709
1 0.675291641801 0.292476722823 0.380050069569
1 0.056466234924 0.0942619477466 0.249396040247
1 0.108967808951 0.363074655681 0.202807400359
1 0.0549788625743 -0.0519298709574 -0.085771286838
0 -0.366589185727 -0.120846604084 0.0212608049514
1 -0.109894220283 -0.0140245602334 0.0770941910642
1 0.106601052921 0.0658291791907 0.233037621294
1 0.57316136702 -0.414882053387 0.463415393321
0 -0.214529192845 -0.349842857363 -0.918605342505
0 0.308746677439 -0.317522373312 0.0698904767664
1 0.111798670944 0.784235512114 -0.10596260087
0 -0.220652258982 -0.684369396501 -0.0102844445529
0 0.260468962029 0.0120892288166 0.00543311356777
1 0.559893836993 0.296388540949 -0.34949822041
1 0.0747162028761 -0.0145305053531 -0.0718773988227
0 -0.109896726904 -0.811760286512 -0.220703066083
0 0.447755941975 0.526182030815 0.440508461293
0 -0.579880772567 -0.166913046905 -0.156882133953
0 0.198778680896 -0.282405734518 0.697746280159
0 -0.203255623463 0.624677278796 0.096773290335
0 -0.125972506946 0.412324351028 0.158767138055
1 0.658356875007 0.241643236889 0.49384317202
0 -0.252682965609 -0.461748911485 -0.490782075736
0 -0.0367328400672 -0.175810493964 0.141813142382
0 0.515802947618 0.509696156165 -0.17336257141
1 -0.0236493263688 -0.163411814993 0.502899155453
1 0.697325718376 0.986076294371 -0.164962499746
0 -0.227478455484 -0.619173618458 0.0567423908894
0 -0.292886464137 0.311455144629 0.245004311449
0 -0.187031431894 -0.43129840114 -0.17016173692
0 0.114255474337 -0.22589310733 -0.433331608999
0 -0.309216796494 -0.729385400847 0.182436833285
1 0.636471313787 0.755887342215 0.026659431604
0 0.0488756687458 -0.147801312508 0.114200934092
0 0.345930903357 0.724523283337 -0.0919432587689
0 0.276122270757 0.519494466462 0.34586206841
1 -0.497712370341 -0.666939727495 -0.222429343569
0 0.0260625698396 0.799816801001 0.16366480548
1 0.0779490665295 0.0879558244499 0.250117914016
1 0.173299455528 0.488856250022 -0.0539625839953
1 -0.469240756829 0.311895583544 0.0914752099692
0 0.351768772303 0.488945004903 -0.36904521737
0 0.241057315647 0.4388785233 0.077333362503
1 0.0304958319742 -0.38219484287 -0.335115534727
0 0.00123620850871 0.0372356562161 -0.0766488792528
1 0.43264343686 0.36846030748 -0.474801999172
0 -0.154833469386 -0.267739223016 -0.0307544039601
1 -0.270976892273 -0.203108667707 0.00687637751504
0 0.468540718413 -0.198058027486 -0.631812304501
1 -0.0349055820516 -0.727653751638 -0.0776370523615
0 0.563809624279 0.0934143186029 0.548151259707
1 0.0909487532775 -0.00190450877488 -0.000419119780095
0 -0.091074672049 -0.00765291811329 -0.028371641136
1 0.0627159491419 0.132878015785 -0.208551855865
1 0.272682060677 0.479430906116 -0.817453301618
0 0.845034978492 0.378698726838 -0.156989093032
0 0.0911028379003 -0.175614962866 -0.476310840713
0 0.00954650096193 -0.778880916344 -0.297317656101
0 -0.0768970345867 -0.246758522593 -0.105554872115
1 -0.508088129298 -0.321281572565 -0.286495923157
1 -0.236476608302 0.417753698332 -0.550872731574
0 -0.111496712852 -0.216328544102 -0.166896034833
0 0.258011197803 0.0637400939695 -0.620008969442
0 0.134734193761 -0.18434280794 -0.0940922298611
0 0.722886977949 0.794020895066 0.548825394661
1 0.166419415665 0.459805283123 0.264185780443
1 -0.224381727955 0.373457199494 0.0469999808926
0 0.147876143563 -0.0719189787043 -0.437695128431
1 -0.15858139695 -0.630597933338 0.199502680838
0 0.151488616024 0.533205893841 -0.226314983502
1 -0.412771212658 0.0120090353138 -0.632162031765
1 -0.147830431837 -0.16574658045 -0.0891302866053
0 -0.0549506919609 -0.808286717833 0.0439939741928
0 -0.290284562078 -0.129332534252 -0.178006926033
0 0.171011659561 0.2033477714 -0.164886812437
1 0.194570770314 0.0764003782523 0.268396336773
1 0.235096406242 0.633957373335 0.249927398478
1 -0.298294044669 0.291183870881 -0.541392176966
1 -0.0640881692149 0.137178521564 0.11740192834
0 0.472592772511 -0.280730525046 -0.126019354939
1 0.179827747263 0.408262050694 -0.479839515882
0 -0.0565486995052 0.506950838761 -0.167422531615
1 -0.00856040053204 0.0676320185603 -0.0481965792321
1 -0.0921407203593 0.0315055142172 0.0828867152755
0 0.0590611588149 -0.197448650637 -0.0210104793499
0 -0.125147124005 0.0661666390946 0.728582036135
1 -0.399480594861 0.250505775603 0.378655646192
1 -0.245980543704 -0.000552203329044 -0.0928842459337
0 -0.0869272939413 -0.421188174501 0.0961148964652
0 -0.535638009343 0.0693420538101 0.637972990615
1 -0.0655991953306 0.127213432028 0.140933748028
1 -0.210192848447 -0.153388276563 -0.0837465687452
0 0.342914262935 0.838748220803 -0.0514185227871
1 -0.145380654496 0.368500171125 0.172428278176
1 0.331352940785 0.174133419124 0.0267486513185
0 0.127640048702 0.344104588841 -0.858237464246
1 -0.179921954889 -0.129762826828 -0.0686051792873
1 0.223314403238 0.0376491169132 0.716549097669
1 0.695439943805 0.096331780988 -0.447380758332
1 -0.444509183516 -0.434916776557 -0.686646382748
0 0.148110197359 -0.0416521785794 -0.106157894052
0 -0.0505723854905 0.463361361707 0.0776717099117
1 -0.10060760915 -0.505272710557 0.295191984851
1 -0.0983778270295 -0.0876693253125 0.0440647791838
1 0.335684851831 0.955279645907 0.0580479304849
0 0.132940762821 -0.632090659835 0.0962519416581
0 0.0803728688124 -0.281897312026 0.0529318368654
0 0.691532041122 0.544288979813 -0.0557519033262
0 0.235605230366 -0.108275224664 -0.143034186364
0 0.312087610639 -0.305568502236 0.0181618805756
1 0.0490603241359 -0.0582006387602 -0.105398077254
0 0.112398842013 -0.0807255966852 0.0899825669781
0 -0.196523694239 -0.363644999305 0.41748649376
0 0.00310693841363 -0.0821033773175 -0.114355244176
1 0.535923301654 1.00416729255 0.215594092046
0 -0.0624781747447 -0.150561594697 0.0364614516117
0 -0.102808295133 -0.40628023551 0.140109940825
1 -0.282645540341 -0.791483517093 0.333750766387
0 0.587073970308 0.0315586676056 0.0355834999303
0 -0.102401798952 0.13675432345 0.276487630123
1 -0.318350566735 0.103486208932 -0.105378578014
1 -0.261970208008 -0.893448677422 -0.146978233031
1 -0.432341931944 -0.663216012927 -0.0925133953168
1 0.301736504937 -0.395388495206 -0.304730158024
0 0.4387995814 0.131830209654 -0.817626983748
1 -0.0498113775255 0.0074241596242 0.0373970680757
1 -0.524642507245 0.134512169191 0.259346244675
0 -0.0211509377204 0.18800607996 0.451662799878
0 0.053918124448 0.0753910368993 0.10152537278
1 -0.0287080205821 -0.858512524017 -0.104738346281
1 -0.0722417417439 -0.0767808775743 -0.0858740753911
1 0.402313885344 -0.0867165805748 0.0287077252084
1 -0.0140272389869 -0.0237722298148 0.0747799045348
0 -0.253903755005 0.54143494175 -0.0320841189118
0 -0.0841978419327 0.662381562333 -0.602494616307
1 -0.0548544067108 -0.283773829752 -0.475610347977
1 0.438805751892 0.817602928525 -0.0788358617007
0 0.30124947307 0.790566934696 -0.152317724632
1 -0.277886043688 -0.193234350318 0.125929002363
0 -0.647181556677 -0.000765367331843 0.606551184543
0 0.106136440917 0.59330940663 -0.246880633853
0 0.267907290121 0.0677417868031 -0.0262769821245
0 0.102413158312 -0.524925576782 -0.495349575264
0 -0.542850366276 -0.396150319436 0.163810788434
0 0.0180798929155 0.0238019206637 0.275054046063
1 -0.192750035745 -0.808547578874 0.294209488009
1 -0.269035128456 0.288421193725 0.186503979401
0 -0.149144148324 -0.0515520343299 -0.0428982492481
1 -0.176923801474 -0.0735101036723 -0.0132638431427
0 -0.0741750947345 0.0164715187567 0.0689813398516
0 0.305733345706 0.207008926807 -0.0450137117718
0 0.13046242616 0.482364899917 0.154720564018
1 0.64614673748 0.63399044629 0.178418395736
1 0.540444696737 0.949303488728 -0.0795830439644
1 0.105906579497 -0.657077469605 0.378827228109
1 -0.0939408191551 0.167102581519 -0.00802795801346
0 0.0388499991426 -0.219126697807 0.0988511955972
0 0.305442250507 0.597412502423 0.178860370553
0 -0.153410775076 0.0769349105297 0.181532154008
0 0.0176839237538 0.47593290474 0.129891041355
1 0.460088012811 0.324791437138 0.58999517262
0 -0.278805706849 0.296423640685 -0.26005709801
0 -0.360607819365 -0.814646568277 0.3230422391
0 0.0408245762525 -0.200304836932 -0.453514666553
1 0.441176446919 0.4443785214 -0.858600873631
0 -0.868987624801 -0.278645165641 0.230978073677
1 0.114605848202 -0.364057273327 0.246787669837
1 0.182729597627 0.363815972178 0.375963498308
0 -0.161200034823 0.122066757853 -0.127414779241
0 -0.638086025967 -0.113149192612 0.671598176431
1 -0.209828816338 -0.229147743693 -0.267916697225
0 0.219716016306 -0.417858985179 0.308402582796
1 0.0939191588676 -0.00604095302991 -0.0347015491506
1 -0.212349156823 -0.634136229939 -0.080071505906
1 -0.197993097279 -0.649925764151 -0.0877112856983
1 0.251083267831 0.33984259258 -0.252996307356
1 -0.185921664908 -0.310250075452 0.115156686524
1 -0.0389473740393 -0.131994174965 -0.141007961848
0 -0.0860815202794 -0.349272053712 0.225847845552
1 0.112496034966 0.388009668699 0.274979318707
0 -0.527107447971 -0.283076751463 0.779107851513
0 -0.107540044639 0.449506747624 0.225154015082
0 -0.522899015407 0.398162146112 0.107829999993
1 0.253427576032 0.638572904217 -0.481608381833
0 -0.455817668921 -0.131540073773 0.0549194963842
0 -0.0728332223511 -0.0781922560073 0.0427948849554
1 -0.127752845107 0.305750966299 0.115235910684
0 -0.260904439173 0.126135877224 -0.36884105196
0 -0.239443820106 -0.404120487905 -0.910817228406
1 -0.223050551845 0.222642010469 -0.627364964534
0 -0.146875744116 -0.00827439770692 -0.0308881737879
1 0.0272337501969 -0.190468568009 0.740834989954
1 0.231742972733 -0.507625642315 -0.352971722915
1 0.303694752267 0.290169244037 0.239168490147
0 -0.0467439204612 0.063533069497 -0.0486800981328
1 -0.255335873792 0.181653818287 0.171845002676
0 0.00947551340498 -0.0276813953943 -0.217598643945
0 -0.100018449277 -0.0316333016604 0.00724126895928
1 0.0106084715631 -0.630087561138 0.00661208648089
0 0.58314685768 0.0383651378107 -0.623341718001
0 -0.228677703785 0.207257157079 0.241724540596
0 -0.0624726524717 0.117165430052 -0.121409513236
1 0.206970164095 0.917986986649 0.0974632339886
0 0.15937176913 0.492035415153 0.114702761283
0 0.140710445351 0.22632138651 -0.0553724091846
1 0.140602847443 -0.119127631525 -0.0199889767852
0 0.0927961688437 -0.0354681810684 -0.10558165315
1 0.430711504431 0.036589978566 -0.0166512649367
1 -0.133864947825 0.0533835305679 -0.0247834096238
0 0.4458483074 0.41084793088 -0.34516443768
1 0.1130947885 0.843186950812 -0.0478034827092
0 0.284359182459 -0.435402802407 -0.0939335571636
0 -0.644181683027 -0.440568798191 -0.381684168057
0 -0.007507901033 -0.182106201134 -0.193239030041
0 0.149821573499 -0.102038914395 -0.170678123384
0 -0.132903518437 -0.0182082217176 -0.0697180854213
1 0.400012901919 -0.222462831463 0.39346665221
1 0.439777282893 -0.0488581170976 0.0502641178381
1 0.00449676756543 0.013409351656 -0.176535058762
1 -0.11851792921 0.404616697757 0.0921596057491
0 0.592231683688 0.954093294734 0.287090847625
1 -0.0509038386627 -0.200036554265 0.595043975088
0 0.22105107305 0.306815072019 0.628252661655
1 0.070030649998 -0.400557526211 0.249629568511
1 0.273434160014 0.404975575051 0.0741269777163
1 -0.0961733583376 0.427264712446 0.109593546532
0 -0.0032727080855 -0.0489282256981 -0.262505656226
0 -0.100405435548 0.0742212461337 -0.476018936895
0 -0.0727195527517 -0.197457557827 0.221921673789
1 -0.0641547652715 0.372329420812 -0.3241640056
0 -0.600617956316 -0.271868905501 -0.0398671238965
1 0.672738454905 -0.322776476673 -0.0309132156014
1 -0.118146636655 -0.272455632005 0.177374144328
0 0.232853261143 0.815418998229 -0.247973563449
0 0.184943337878 0.0551310489435 0.229789112506
0 0.137046567036 0.0558662959396 -0.136430818469
0 -0.190670438271 -0.329955641747 0.316077323429
1 -0.326241768172 0.56111972087 -0.0357520172
1 0.341851019218 0.563647533624 -0.0345872173924
0 0.735713417795 0.0174785808628 0.155025294924
0 -0.0955900253034 0.0105855962005 -0.00223558032501
1 0.403110982026 -0.360525875225 -0.232767149133
1 0.0313244616223 -0.0630499568715 -0.0896346104978
1 0.0338976690567 0.216613901657 -0.109385462123
1 0.533629906774 0.957639343533 -0.100987686429
0 -0.270140313371 -0.173923874131 -0.207459756291
1 0.0146946294413 -0.450458019934 0.41576100516
0 0.0366727206766 0.0946113596099 0.0718759007942
1 -0.706691648062 -0.496089227076 0.4698133202
0 0.0167262644638 0.0304812883585 0.0688250640686
0 0.234213278616 0.006416590832 -0.105849986641
0 -0.0406342347996 0.55794291594 -0.683144223044
1 0.00739394310878 0.231253342127 -0.0734201616848
0 -0.129180915886 0.336571692223 0.446250718863
0 0.035258408015 -0.118942821477 -0.159891818594
1 -0.615138392374 0.336984337819 -0.042230590059
1 0.834307962675 0.321287153614 -0.32720736586
0 0.0801207260155 0.0538279031924 0.0956853034784
1 0.00876335315556 0.166416228139 0.121184977864
1 0.133071949895 0.163851807127 0.0605664545691
1 0.196134396807 0.338203755421 0.361011200505
0 -0.0831055981186 0.197738294981 -0.486077738061
0 -0.053359477422 -0.0368687382743 -0.0323351767912
1 0.064270694357 -0.0889046152407 0.110223908288
1 -0.054728296536 0.0391174601365 -0.682287218108
1 0.393825801994 -0.00509122704518 -0.112101927835
0 -0.0743858384361 -0.20482382362 -0.104068505277
0 -0.12629095995 -0.560590588276 0.464223411483
0 -0.131655838042 -0.449831454172 0.558075206517
0 -0.381924035138 0.0497546369986 -0.0047111803269
1 0.265328173575 0.40185118242 -0.049350016609
0 0.127146453389 -0.0188878812126 -0.00822028193187
0 -0.102125525507 -0.127067761683 -0.517249148528
1 -0.102901074338 -0.075312397188 0.0535465457094
0 0.187676988723 -0.0352572426459 0.025322846247
1 -0.115915095931 0.253965989055 0.374601386168
1 0.029126839263 -0.190878722677 0.0803201073053
0 0.188002136759 0.224109807333 0.25511607127
0 -0.512774785133 -0.0224107046005 -0.200061610954
0 0.143217434679 0.870021862548 0.0405770279532
1 -0.0182506760551 -0.583114057876 0.00785868753995
0 0.179016316522 0.0503049042365 0.0262811766569
0 0.522892209365 0.0168448167625 -0.404919339475
0 0.0196705144676 -0.529775902195 0.192947551414
0 0.597717215713 0.35324608084 -0.0903693812474
1 0.0894725380338 -0.021675363061 0.126991213787
0 0.0150409374935 0.00129852607171 0.114395781964
1 -0.0440300607079 0.414234419307 0.0993477650122
0 0.186834561115 0.504319318833 0.0657663368904
0 0.570153771058 0.228585021116 -0.154187175825
1 -0.309594446561 -0.0622326102256 0.57978583468
0 -0.0942085948675 0.113232363444 -0.205272771178
1 0.169731794476 -0.222871110827 0.445757180851
1 -0.183843550975 -0.0700953794913 0.000620582405865
1 -0.481739218086 -0.630259807415 -0.526821281057
0 0.177177779574 -0.139605340247 0.177836968868
0 -0.206173010522 -0.351529755801 -0.0838999782618
0 -0.118817923164 -0.0405734121009 0.192748543004
1 0.116602240117 -0.431834243655 -0.257940219965
0 0.158450011794 -0.377101528307 0.0679992536815
1 0.306433014472 0.790513535853 -0.237631219057
1 0.129317594295 -0.142710868363 -0.146497002788
0 0.135224575556 0.450037634561 -0.489873742436
1 -0.109294506008 -0.149101660022 -0.0973264909866
1 0.102613902256 -0.193508354861 -0.052251309573
0 -0.322571722795 0.457019207916 0.253260319983
0 0.122019015491 -0.103511996078 -0.134647655301
1 0.413168151604 0.561011785974 0.314235998698
0 0.171688520516 0.387939578582 0.0697183573861
0 -0.192585390028 -0.438756504009 -0.0293450707443
1 0.197180751789 0.337161689718 -0.157147296687
0 -0.660152073212 -0.436988962509 -0.410588164078
0 -0.0234046072401 0.40553239929 0.0652006808329
1 0.125561313415 0.234912335995 0.116274562133
0 0.0424789981927 -0.0185812986638 0.740172970034
1 -0.0220193635022 -0.0190063736269 0.466356341489
0 -0.111237077364 -0.69402352834 -0.119891659482
0 0.185603993233 -0.108372432784 0.576296380999
1 -0.744575650286 -0.973260414182 -0.199893856927
1 0.152454076226 0.0562933164147 0.0086913333834
0 0.233831000871 -0.53175311711 0.272120449948
1 -0.0160258041948 0.00357480890254 0.0715941822918
1 0.0764147155252 -0.719168394421 -0.157011534195
0 0.174006398117 -0.410156511904 -0.425379767242
0 0.557188855567 0.329892661664 -0.00420926008605
0 0.514958786358 -0.308780623774 -0.292490643646
1 0.0760717217353 -0.410645181084 0.133637920768
1 0.170861818537 -0.117845710088 -0.00629768476823
1 -0.202624948734 0.576828738992 -0.265655256376
0 0.0349795984068 0.0233677790071 0.00562680085737
1 -0.0562110151714 0.0675486672767 0.682769399535
1 0.0509875044646 -0.57009672095 0.213794819147
1 -0.184111568086 0.452781372408 0.0566897047121
0 -0.0974543542153 -0.573545813663 0.49982449246
1 -0.0014096857839 -0.0936828127822 0.138212569793
0 0.17274812644 -0.171981180216 0.107147663818
0 -0.304291094505 0.083108170378 -0.585325083122
0 0.0570101537864 -0.468245453771 0.104192069123
0 -0.0896714397489 0.615890911553 -0.475283094337
0 0.274325976303 0.5786707156 -0.0227981974447
1 -0.19761652303 -0.456189642872 0.0085121429083
1 0.213995717638 -0.165496120345 -0.197767007942
1 0.157286832792 0.369268957562 0.346963006981
0 -0.348236381675 -0.277213387652 0.0605246334147
1 0.334073118475 0.220064226829 -0.624502413328
1 0.110840240705 -0.112228127512 -0.00911530661153
1 -0.076183721322 -0.692693847953 0.0604579802372
1 0.345971072103 -0.0275236344591 -0.146891651747
1 0.0481684963341 -0.432718733892 -0.693598487445
1 -0.276808955342 -0.206330216952 -0.204079351764
1 0.121449738264 -0.128376937598 -0.184270398434
0 -0.561377196362 -0.603678881227 0.263737465289
1 -0.071926885837 -0.311328899532 0.50804250228
0 0.0481305665095 0.0905938597208 0.0332023376071
1 0.307538622866 0.00302682379276 0.632385719413
0 -0.459250100347 -0.0273553382173 0.489340241207
1 0.173333157652 0.359916085052 0.609911220397
1 0.647568246043 0.967793367381 -0.14515738741
1 -0.667135287887 -0.336865347014 -0.451977682355
1 -0.142037878657 0.0325195280924 0.227749700847
0 0.106229133816 -0.185617883447 0.0018630501599
1 -0.167586233096 -0.185179664565 0.289033892905
1 -0.197528648593 -0.47239778005 0.196797431103
0 0.210690177925 -0.301441275845 0.131861698483
0 -0.174156810816 -0.547665345397 0.725690740769
1 -0.122698435765 -0.807124834508 0.114602228868
1 0.00101170414477 -0.366819147077 0.243684675373
0 0.198282697722 0.156947180434 0.177325226151
0 -0.143324967166 -0.0800182015889 0.0744876331794
0 0.251442301287 0.576478938257 0.132788834663
1 0.660043017823 0.802841028691 -0.658320774453
0 -0.49071023734 -0.0928154660215 0.468065244768
0 0.374988518769 0.917300523544 0.0570077970174
0 0.595868425541 0.292663447786 0.344553026369
1 -0.0810023281136 0.473360309427 0.337907053778
1 0.00911530208604 0.0338037882974 0.0720240496641
1 -0.0606593876034 0.362286146777 0.0224703116052
1 0.0206736757829 0.137612961192 0.0275167065177
1 0.359425367588 0.362040346681 0.371026457567
1 0.302279767248 0.0436974045323 -0.0408157992803
0 0.769186767367 0.456340024287 0.0916085114591
0 0.60207460819 0.513289628269 -0.0828902316769
1 0.0872407195312 0.0494329548365 -0.0745924747725
1 0.0763093012362 -0.272531907118 -0.15630253505
1 -0.204481772008 0.135782430351 -0.153392872918
1 -0.236595102068 0.347968956524 0.641011469449
1 -0.0115316169568 -0.126446196474 -0.00159208203472
0 -0.0166151578781 0.0122255114273 0.106988764695
0 -0.0927513071112 -0.306135848568 0.264767881826
0 0.120020617352 0.573939060205 -0.0593394157594
0 0.0429088755838 -0.774709686437 -0.272367143531
0 0.12521233228 0.631459182567 0.506668166042
0 -0.534948524366 0.109292450527 0.0843090690702
1 0.137395663609 0.357592427581 0.593666131138
0 -0.0613601491484 -0.699657802682 0.102411608012
1 0.474767002088 0.019364405227 0.22506779024
0 0.338808061342 0.15660218618 0.155326161989
1 -0.749908197399 -0.627135633987 -0.221942742459
1 0.133070057281 0.366544835531 -0.316396256773
1 0.368106198615 0.389375578162 -0.538896747223
0 0.164874116578 -0.0513566069603 -0.0920904237109
1 -0.503551223175 -0.198312391229 0.789509372703
0 0.10748079112 0.341203200548 -0.796195626523
0 0.0395390212074 -0.0434496959384 -0.480460972906
0 -0.207641995242 -0.813939419329 -0.0336329021938
0 0.117829978201 0.606301010078 -0.231403403283
0 0.0301389689947 0.705087511005 0.15361535038
0 -0.558953641158 0.123589767617 -0.0714232445901
0 -0.384909484643 -0.0151130251483 0.130050280994
1 0.131899104301 0.533248645997 0.0591416592735
1 0.720973345977 0.246709756621 0.390843174238
0 0.698323629932 0.0549375372418 0.185601195391
0 0.179920769418 0.587415259575 -0.132960131275
0 0.0292250959351 0.635872334644 0.0524809753898
1 0.132436376293 -0.0971770639522 -0.143879226774
0 -0.0686720254059 -0.252126983865 -0.125213272455
1 0.223869486175 -0.330745648817 -0.0600935635145
1 0.265255497865 0.548013524877 0.0551247330323
0 0.629932958781 0.0111246708294 0.0903265825434
1 -0.244494307699 -0.466228927902 -0.626908035564
1 -0.0167785267702 0.124943680478 0.0371483037736
0 -0.329577765672 -0.195775264675 -0.401877296275
1 -0.104733856146 0.11868502353 -0.0311669416408
0 -0.131077639064 0.0156651288845 -0.0879078880128
1 0.077990157969 -0.0146268913338 -0.291296654287
1 0.539356301072 0.124574628931 -0.403172397465
1 0.19450361229 0.554183941902 -0.0152526266554
0 0.817167082657 1.01346320258 0.307190101102
1 -0.179430348971 -0.176458876165 0.0765747344679
0 0.0399647837182 0.0878599897194 -0.249264177294
0 0.141971351981 -0.102355264138 0.10762727423
0 -0.046678649083 -0.625518969998 0.105520684526
0 0.161421509423 0.458744177572 -0.0980988013622
0 0.264579292864 -0.244669605891 0.128616345248
1 -0.120702717219 -0.426606075442 -0.121466171466
1 0.0139319432146 0.234897850278 -0.0454495662639
0 -0.099756785656 -0.405781771842 0.042097823722
0 0.323509931947 -0.0981394797221 -0.0995108360501
1 0.152287068099 -0.368009579282 0.194925717656
1 0.0487009696704 0.822873992188 -0.0375112469327
1 -0.395621931382 -0.904852059778 -0.0717101064839
0 -0.453951955983 0.531536415295 -0.0892755995712
0 -0.0129689188042 0.46750760944 -0.190172058523
0 0.204147234621 -0.203587312417 0.682165305283
0 0.104110407312 -0.183292465176 -0.017834204931
0 -0.0420574397834 -0.473185800197 0.0263173719953
0 0.0690189557913 0.618188377517 0.158334779533
1 0.324912213792 0.383639577903 -0.135937165377
0 -0.0762806267889 -0.780184465277 -0.162975585776
0 -0.0705289511588 0.533926261465 -0.190411832611
0 0.486781272684 -0.213100749129 0.00963364010906
0 -0.0276816341887 0.00566136069362 0.107413705171
0 0.0718243709181 -0.684312005906 -0.476206900912
0 -0.0178283911413 -0.0180349281741 -0.487657509974
0 0.111067651101 -0.00481937931901 0.0435787066168
0 -0.0969124725761 0.103814703454 -0.195950495492
1 -0.470413786899 -0.447443812901 -0.247231936662
0 -0.172266795962 0.250209189377 0.444665261988
1 -0.74578825479 -0.952586403295 -0.148501362187
1 -0.594361265999 -0.579927200478 0.0527060793507
1 0.451632019767 0.962847962265 0.192548222527
0 0.159605731643 0.570278017007 0.093016080476
0 -0.0404988509854 -0.0567330953724 0.225171425888
1 0.559084925101 -0.0985303237765 -0.0660881073631
1 0.0262678382215 0.0135443952043 -0.222849928459
1 -0.631926608951 -0.222267607506 -0.0682911682361
1 0.168689286162 0.141080395545 0.233126302402
1 0.153628298664 -0.647830965229 -0.122667542847
1 0.374944371343 0.804902442812 -0.188810732281
0 0.115599587031 -0.0249047911113 0.0352564837829
0 -0.29750720479 0.0492928913308 -0.671066716887
1 -0.74240848451 -0.501452015354 -0.191814920145
1 -0.283084413987 -0.508560861494 0.0376585888886
1 -0.382674279752 -0.0798998664402 0.143793360658
1 0.350643126944 0.0236612223224 0.0329611118917
1 0.855290058267 0.547509912354 -0.187928323572
1 -0.0229167311201 0.271401991512 -0.182009197448
0 -0.431489939351 0.326361029172 -0.302399869164
0 -0.102984633816 0.499097129895 0.183927907608
1 0.277152685516 -0.305222024127 -0.082288991405
1 0.600225047019 0.322372106152 0.0141908995437
0 0.0915700083268 0.0339887297481 0.0921574592541
1 0.191639319131 -0.0352833366707 -0.0627741101276
1 0.146140613576 0.7408283258 0.0281247873042
1 0.0976706874666 0.476199751709 0.0549203124703
0 0.0490074148047 0.033298497205 0.107342120618
0 -0.192438420953 0.345177990254 -0.0996518430912
0 0.0642084205657 -0.0570692835636 0.247303321649
0 -0.160185990701 -0.735831504861 0.117212122269
0 -0.88827593764 -0.467651696496 0.119229081289
0 0.411793570702 -0.353449775536 0.385935274373
1 -0.80794763269 -0.212247833158 0.317713342654
1 -0.197115707328 0.146490131047 -0.132002498525
1 0.0645318059062 -0.0382059350143 0.0490484719546
1 0.0142363723159 0.0181299463599 0.334905881
0 0.213245061646 -0.0576601283489 0.154463484178
1 0.10742600868 -0.164375153825 -0.207654936644
0 0.222854171271 0.524203924183 -0.328546950742
0 -0.503565107863 -0.452375915053 0.40786423193
1 -0.361150217172 -0.0549840947695 -0.0570755548528
1 0.19466176387 -0.199037964848 -0.271175811225
1 0.0214897241656 0.385860667367 0.0323302927884
1 0.0451685340436 0.418105232334 0.135897061591
0 0.0684919949403 0.75763320851 -0.12595560097
0 -0.0590480954336 -0.332436153139 -0.366894014669
1 0.0896102270762 -0.0175408093373 0.0457641969222
1 0.34761760175 0.477401495075 -0.861077833393
0 -0.101147033347 0.507217958635 0.292510546851
1 0.150981895933 0.0469636273551 -0.151996681105
1 -0.431721049687 -0.36728676327 0.869177571118
1 -0.136351615631 -0.00732134085061 0.216182234571
1 -0.168435985992 -0.0082628616317 0.0246080715447
1 0.736622668388 0.72198922828 0.272247555695
1 0.560790410213 0.777256494156 -0.0022730018224
0 0.51328546121 -0.073971413337 0.156679649295
0 -0.37971749393 0.313635162575 -0.150058166901
1 -0.145411983214 -0.12430451383 -0.215752831073
0 -0.110393261419 0.0213591339963 -0.094388508358
0 0.378144000019 -0.335798628025 0.412965594853
0 -0.354690537923 0.191401338502 -0.0424864609668
1 -0.419675076549 0.0662383443308 0.435362667846
1 -0.341276476603 -0.15981244336 0.585100578407
1 -0.00990103110474 0.331094248777 -0.384005421715
0 -0.0719850826735 -0.713665866523 0.0769863766594
1 0.0904816126154 -0.039108129988 -0.0315931032361
1 0.195374742753 0.800458738541 0.0490925476666
0 0.52195821588 -0.175306900426 -0.272155180549
0 0.308565029236 0.612574771413 -0.518566380814
0 -0.256095590604 -0.586058020788 -0.11169658528
0 0.153176326948 0.235591756098 -0.351982828723
1 0.888010375142 0.53445339666 -0.128766219674
1 0.271224838066 0.500582980473 -0.783253580391
1 0.000328834745128 0.107621404864 0.0929641982554
0 -0.236213162233 -0.72820021496 -0.567411272321
0 -0.537271861921 -0.00647434384086 0.195150422945
1 -0.0868025771313 -0.0648457688733 -0.0682876256927
1 0.534661253482 0.52163940137 -0.787567639971
0 -0.401404154087 -0.108147181553 0.101307350261
1 0.0264062668669 -0.510766251971 0.685700840614
0 0.0925404457829 0.587734341992 0.177607827366
1 0.160495679286 -0.062936254609 0.744059246284
1 0.223190957283 0.0779932841958 -0.385330481714
0 -0.251962311263 0.44273509333 -0.0620728291062
1 -0.275146651958 -0.0829728776238 0.200122301686
1 0.533464059073 0.720272453491 -0.0500335622126
1 -0.0798527566825 0.0440157437557 0.190780801609
1 -0.4359120984 -0.335554620132 -0.223178995958
0 -0.852892366521 -0.261011061458 -0.0148572900582
1 -0.0442344855297 -0.446737275002 0.362751130018
0 -0.674383897438 -0.550272679951 -0.293818618892
1 0.127239768498 0.174450024197 0.199406409887
1 -0.801138364303 -0.953742862402 0.0388668687196
1 0.303881547166 0.184729624789 0.42168223182
1 0.575392417646 0.415266667453 0.11583231305
0 -0.114524786843 -0.115006963091 -0.189695194042
0 -0.328871965414 -0.320022930242 -0.413075261859
1 0.647717254844 0.150818651627 -0.57963432565
1 0.590671532556 0.638494500022 0.145057842118
1 -0.0696984336904 -0.144093936145 -0.144958827135
1 -0.437588847455 0.22474412296 -0.162413128676
0 -0.862785599697 -0.609355388595 0.24110674299
1 -0.0656853175666 0.620304474711 0.0902970572267
1 -0.56001712482 -0.247182946603 0.434663004868
0 0.246194109058 -0.469715349262 -0.46667082429
1 0.713161282767 0.184930595857 -0.507513857973
0 0.61718638235 -0.0386676955731 -0.115648844202
1 0.101083633413 -0.00307358786553 0.104494383515
0 0.396893539558 0.154688335095 -0.184499727527
1 0.0363167835246 -0.19007903025 -0.139641052126
0 0.00277828634736 0.043953770833 -0.181736691499
1 0.743779876706 0.73582250238 0.400720023656
1 0.073741437831 0.207847707491 -0.1206611499
0 0.0409879208403 -0.11969044522 -0.008578689058
1 -0.197508947291 -0.0779778947748 0.12998763612
0 0.334197746051 0.702905807314 -0.48219791971
1 0.0704065458375 -0.364462832297 0.179379131023
1 0.114171184279 0.319571525464 -0.0333997114274
1 -0.276677402393 0.0920225217117 -0.0878374984113
0 -0.178888007529 -0.776376721033 -0.0697598007793
1 -0.603544960658 -0.302122575035 -0.552982945056
0 0.119537801675 0.271284023394 0.318776118867
0 0.252810352096 0.590190991052 -0.151646280696
1 0.240013226858 0.756732839934 -0.154673329489
0 -0.0450672012505 -0.0292386393707 -0.0705732104814
1 -0.360788062834 -0.776208927702 0.221663016109
1 0.027677521091 0.0537615831872 0.00986592146263
1 0.10662093489 -0.324185857787 0.435203656888
0 -0.272104171077 0.0518859206881 -0.118061151153
1 0.201073983058 -0.0418901626559 -0.18317161521
0 0.58179092731 0.365156503336 0.207518875365
0 0.0218115864347 0.0164158946766 -0.141198405505
1 0.0682737032 -0.431913102138 -0.214516263243
0 0.152016505367 0.579957639193 0.66500287534
0 -0.424680320293 -0.478688639011 0.784316701925
1 -0.269705505174 -0.405023299474 -0.123241366787
1 0.488445244792 0.524570690036 0.118941575285
0 -0.519272988457 0.0534826937966 -0.219730397856
1 0.0300828928861 -0.230252745899 -0.0282965178392
0 -0.132777640355 -0.0852819344579 -0.0552092681479
0 -0.0728928114118 0.309589734886 -0.205254740957
1 0.132712101707 -0.22100958243 -0.0824590851361
1 0.000553954160183 0.203866194591 -0.45788946915
1 -0.0233979539596 0.0590297987689 0.211266248948
1 0.206455346187 0.783234235893 0.245801956343
0 -0.649708559739 -0.469568062198 -0.449978866455
0 0.178488798096 0.208798841192 0.210885123763
1 -0.0423331150695 -0.199018398287 -0.143771252027
1 0.187266617616 0.861468331923 0.0799557828221
0 -0.372942714687 -0.0536556340517 -0.692590454788
1 0.381320522727 0.370184942936 0.26696094316
1 -0.561384367582 -0.230868471155 -0.262136159299
1 -0.351077766844 0.285022853924 -0.00267305396065
0 -0.435099526716 0.0128170512264 0.41598501238
0 0.138883596629 0.685702265051 -0.0999494919533
0 -0.00310235797503 -0.0810003846786 -0.00557397791473
1 0.0286964064306 0.250864598098 0.194159483879
0 -0.132531022773 -0.351175408747 -0.0297740320293
0 0.542782470095 0.377537265575 0.264645815925
1 -0.211701091831 0.0055001520653 -0.11714680003
0 0.169737714812 0.145931449929 -0.0503835672981
1 0.0951627005093 0.716058432639 -0.110800383367
1 -0.105324463462 0.0575100843687 -0.0205604255221
0 0.792495623101 -0.0931445789736 -0.0119132208459
1 0.106653622958 0.638040945281 -0.217202342253
0 -0.0667235513167 -0.0892004682956 -0.210580102368
1 -0.0530154791354 0.115265562216 0.0948987815915
0 -0.299184395198 0.336667823451 -0.1987065703
1 0.422182259018 -0.352208708272 0.56538290746
1 0.275531107069 0.252665338205 -0.0716548543004
1 0.0126871579942 0.561607931122 0.256722384127
0 0.0367276458102 0.120057931226 0.268395397263
0 -0.0982802091004 0.467189092735 0.0871426939251
1 0.0153189301221 0.160200036757 0.0976334478395
0 0.122091704511 0.701751755392 -0.0883388957284
0 0.328672098436 0.00781864416031 -0.0643718538033
0 0.137304822658 -0.122413688369 -0.125780414766
0 0.10364094277 0.119165748648 0.108833729742
0 -0.320473644389 0.106737771855 0.341529821532
0 -0.076744429903 0.476532578912 0.0762650945628
1 0.052472680396 0.205795893815 -0.225072568162
1 0.0208722991174 0.136592676911 -0.222687043576
0 0.111247336964 0.243728031632 -0.0897321917456
1 0.171054695958 0.701479532047 0.564469004465
0 0.487918889708 0.037196665705 0.230459974082
0 -0.00734474544534 -0.531874297557 -0.247423808449
0 -0.211191164842 -0.547351229687 0.239397035653
1 0.122963149702 -0.608164500996 0.0472809636986
0 -0.106580344833 0.55917022427 0.0782577610258
1 0.486957129252 0.0209398062494 0.238104632204
1 -0.319277620406 -0.258025060591 0.62616769191
0 -0.0602038732674 0.756742091636 -0.173392208834
1 -0.343624618308 -0.0932635148525 0.287200366836
0 -0.389552619825 0.203495927845 -0.504202508384
1 0.262823955168 -0.195113265636 -0.0985994588106
0 0.00790861343667 0.114191727248 0.26548261875
1 0.0403945584841 0.441358276877 0.126373686321
1 0.13456216446 -0.128618151528 -0.297118258677
0 -0.368398954898 0.484734903684 -0.273575771045
1 -0.460678898912 -0.354836977058 -0.262033981853
1 0.57005357489 0.882634892858 0.33870283657
0 0.453709770544 0.888669937055 0.154308261791
1 0.473405481253 0.0738460827727 -0.31490822407
0 0.422694322345 -0.524865129208 -0.0383799253297
1 -0.0589954518008 0.0717944383062 0.453293102393
1 -0.471292015034 -0.333735692051 -0.164136384356
0 -0.7270713046 -0.0668868707762 -0.234205029273
0 -0.508483729098 -0.332265202159 -0.604182917101
0 -0.0125203509244 0.00680030735828 0.11312137774
0 0.124026316586 -0.409050282645 0.194143461415
1 -0.806045977199 -0.158188319933 0.124676080024
1 -0.0959466914018 -0.144507429388 0.254389400513
1 0.0265295909312 -0.0494840963672 -0.232628648189
1 -0.0269028806259 -0.13766143248 -0.236598072735
1 -0.262947706396 -0.793156215289 0.132477494698
0 0.000210026953975 -0.862985977759 -0.0971401039112
1 -0.209314685695 0.0916906455219 0.400506658924
0 0.332979335724 -0.044468316043 -0.203648514409
0 -0.0687928388865 -0.215924911263 -0.16708201869
0 -0.155730930069 -0.341129923961 -0.0531372275048
1 0.00192642786989 -0.570111737417 -0.165417603082
0 -0.286397009861 -0.339763295553 0.141447348129
1 -0.218414042328 -0.159557982824 -0.249006648724
1 -0.382934085061 -0.911794186966 0.044382266719
0 -0.644463769132 -0.9400372599 -0.313306019635
0 0.0672144034189 0.352049566689 1.00941926929
0 0.614870797102 -0.174282788827 -0.562488314832
0 -0.202220087177 0.445523209607 -0.00670655755922
0 -0.0725318240813 0.202184810132 -0.154967133531
1 0.249414163147 0.694840026295 -0.243188607547
0 -0.40127698455 -0.340680180089 0.870518131397
1 0.065183188403 -0.460956436627 -0.214382782673
1 -0.114384739549 0.343238010902 -0.330696179635
0 -0.163549526369 0.074412385622 -0.236036413819
0 0.613563906189 0.155190533617 0.530317212721
0 0.0202608372404 -0.523927748334 0.116730856913
0 0.0374430559828 0.011947158102 -0.164997575982
1 -0.537608527399 -0.39767493035 0.229751442717
1 -0.328672150868 0.549082504675 0.0228674398102
1 -0.0336463545589 -0.299191401239 -0.0608732459955
1 -0.66764985111 -0.712028011977 -0.227423352746
0 0.111933690142 0.316858242911 0.327561564715
1 0.071812512655 -0.473693762999 -0.0588907543767
1 -0.134704216513 -0.346184092993 0.861622819606
1 0.394763216466 -0.52636231742 0.131572972424
0 -0.0138466609902 0.0273375137854 0.0208305213431
1 -0.180020898034 -0.807248582495 -0.0651076995491
0 0.0591856328945 -0.523729711853 0.336340435688
1 0.434647611244 0.576584429823 0.766634236914
0 0.183025875692 -0.272167653518 -0.119765678243
0 -0.0383145849109 -0.0725773676111 -0.183894679971
0 0.0488974481592 -0.077544023464 -0.120156816278
1 -0.00962040033133 -0.323933501474 0.0907726041261
1 0.295711346809 0.284420770282 -0.279519560911
0 -0.171631866354 -0.538430324992 -0.0800377316024
0 -0.296181289437 0.0377115415296 0.368334656044
0 -0.0847277765631 -0.0162071600784 0.289921136899
1 -0.602843292078 -0.125008935731 -0.554619085387
0 -0.179546105457 0.12894058109 -0.124458490925
1 -0.228795063555 -0.643352635883 -0.0797171608514
1 -0.210821046524 0.227482184206 0.158411966332
0 0.379717656486 0.109819355014 0.40711017178
1 -0.712703280021 -1.02604420375 -0.0231206911401
0 0.0482655295036 0.118694462047 0.401690957872
0 0.0693754698634 -0.35615434238 -0.122902314045
1 -0.266219569398 0.0732005130107 0.364286148009
0 0.389022190604 0.329966322936 -0.164783964424
0 0.0802642999583 -0.028173870035 -0.0586206292145
1 -0.251403938093 -0.0708740830637 -0.461914441378
1 0.146440341885 0.608391216207 0.351346946465
0 0.251820755706 0.575217768859 -0.0857672361801
1 -0.0954944344611 0.653272105357 0.54391545177
0 0.20886312556 -0.0459515931868 -0.666343300479
1 0.0166655418031 -0.012154750283 -0.113705248271
0 -0.0879850245227 -0.732257352488 -0.484437524385
1 -0.164270608568 -0.816843631396 0.0280473805855
1 0.069119328589 0.0254374486525 0.0418799778491
0 -0.348822690445 -0.547302356535 -0.0367031379492
1 0.00784613622848 -0.667266521792 0.261269212139
1 -0.483117228609 -0.670214910455 -0.0978600515228
0 -0.0545111785964 -0.189449532272 0.162045189711
1 -0.233771492486 -0.254809897749 0.170307470822
1 -0.59072714626 -0.245222303406 -0.554863426236
0 0.0868907813032 0.0971992182917 -0.0475191764346
1 0.0564742992608 0.465413198693 -0.182576458555
0 -0.128114056013 0.000968153782732 -0.0715434520074
1 0.205595893612 0.913621526778 0.152796157544
1 0.278391048179 0.095127591709 -0.0904462827106
0 0.112441691721 -0.0865385848612 -0.163247417455
1 -0.593295089477 -0.195614414493 0.105216996408
0 0.129350923908 0.215983056756 -0.151141864699
1 -0.834416944634 -0.450174919245 0.23541746464
1 0.104744953255 0.210366215137 0.183164518401
0 0.795350422971 0.896682363629 -0.102441360897
0 0.48122363889 -0.233029024306 -0.346134845749
1 -0.209823909172 0.0044301674995 0.365752204515
0 0.0826854668071 -0.217032102228 -0.360730861531
1 0.0540798658863 -0.0888946068967 0.110012600481
1 -0.711580393436 -0.746336077845 -0.340859856003
1 -0.824291709299 -0.842061346814 0.399255093805
0 -0.491128476854 -0.295058473775 0.478233689228
0 -0.0328889293076 -0.213469177833 0.121760925147
1 0.192727786599 0.322664878074 -0.00345904701244
0 -0.0841971673087 -0.771303590868 0.227534668154
1 -0.819485462612 -0.903243518389 0.179798709681
0 0.0897844792673 0.10683352913 0.135738040051
0 -0.0736732805915 -0.553135354561 0.240403801618
0 -0.213257362586 -0.0655287375491 -0.474762803104
0 -0.0572120310997 0.383059369402 0.0150977022043
0 0.512299086485 -0.140519233383 0.0924247445346
1 -0.733388643989 -0.890395811819 0.166127459889
1 -0.224658046226 -0.606193400867 -0.236072289701
1 0.025297342685 0.0671204296453 -0.479244479943
1 -0.356055207196 -0.0369841779144 -0.115704307418
1 0.0152383584582 -0.0830402368208 -0.210821221038
1 -0.413919863824 0.109758349249 -0.25286667029
1 -0.531116037847 -0.78340972764 -0.410789293309
1 -0.196359886941 -0.136498448012 -0.0375547607463
0 0.0140185681416 0.180114196062 -0.193171454458
0 -0.339819674417 0.483460937991 -0.116070702369
0 0.546459041341 -0.295032694943 -0.0972587944625
1 0.854851997383 0.171069172669 0.106431986742
1 -0.393535885077 -0.20332623948 -0.0255824952475
0 -0.62311515492 -0.201508788631 0.12883229256
1 -0.0489538104098 0.120444346252 0.161601307437
1 -0.764936384369 -0.536206543006 0.402444397933
0 0.215789566211 0.160161308833 0.017778780864
0 -0.456403729669 -0.222883929961 -0.643677447464
1 0.221638657096 -0.626185043592 0.233511947743
0 -0.0809314403001 -0.163632413762 -0.958705780539
1 -0.0759419780298 0.508685226585 -0.0890242994436
0 -0.000934556008674 -0.472899600964 0.0951039428719
0 0.796138446075 0.598122090144 -0.336239456532
1 -0.604385222208 0.0896612217858 0.581760811683
0 0.359923320393 -0.384764203377 -0.650449561802
0 0.452502862184 0.225073171552 0.673082493815
0 -0.0449197309832 0.268500711006 0.177519784115
0 -0.0623597472471 0.00755390121746 -0.126048646438
0 0.207400894152 0.274020203079 -0.280026899579
1 0.00836798138363 -0.187413426355 0.0627043890529
1 -0.319004892332 -0.162886961952 -0.137010122007
0 0.279464286962 -0.593859669554 -0.236792917175
0 0.133359522788 -0.566768159909 -0.0687601177626
0 0.204501916394 0.266689608099 -0.0880059386384
1 -0.107197088588 0.271078746428 0.116046377018
0 -0.106920512438 -0.0858781673264 0.104841623203
0 -0.148219915725 0.560811846539 -0.0122645732213
0 0.0544637330015 0.122153965389 0.00537079859282
1 -0.627909135335 -0.230048730808 -0.0880386657762
0 -0.0106006902355 0.0617191076885 -0.129989323804
0 -0.101405514355 0.00447990362823 0.137233805583
1 -0.166585264182 -0.849179368171 0.18907856598
1 -0.232060847252 -0.486913811703 -0.105042684703
1 0.240911075508 0.834948902105 -0.231813255108
0 0.00785864412507 -0.623513514711 0.393352271919
0 -0.208804146264 -0.302466887035 0.325509501607
0 0.374456027504 0.513270084985 -0.411597266403
0 -0.276957588994 -0.631386094264 -0.48283305875
1 0.238146560565 0.158943465422 0.271088645512
1 0.622747700516 0.262772668287 -0.127985219634
1 0.345454211899 -0.442620369965 0.186385683254
0 -0.120487445858 0.283936600197 0.229343103189
0 -0.0886075823519 -0.0610759181045 0.205809897861
0 -0.599031916026 0.184093744034 0.0998687498558
1 -0.124385683982 -0.135097278949 -0.017182314777
0 -0.372640260869 -0.673165253417 -0.605137407132
0 -0.112321342581 0.330268412467 0.515749814011
0 0.021674174831 0.0578946312235 0.235038321108
1 -0.546317130855 0.248695224214 0.351465478356
1 0.166821424674 -0.120482145174 0.113323183256
1 0.057263914333 -0.0423124022226 0.14317433215
0 -0.0637424227757 -0.0687611970786 0.0580336890611
1 -0.53531948401 -0.728090855495 -0.196143061443
1 -0.0743716710191 0.286053630687 -0.0438768607694
1 0.175740499978 -0.0194864478397 -0.130531688639
1 0.189641986144 -0.580852039331 -0.030823080555
1 -0.0256136379686 0.0545423003111 -0.172326138504
1 -0.00532664652596 0.0526566445827 0.0441105254101
0 0.587669797373 -0.468608310355 -0.156756500073
0 0.130883009338 -0.285063481767 -0.641983848414
0 -0.132190777194 -0.484658015753 0.196280073051
1 0.0212409705582 0.80530261512 -0.0201721526606
1 0.108554750721 -0.104390290477 0.0787730290137
1 0.0392826466391 0.101396837006 0.255804203591
0 0.115950809226 -0.135918132178 0.448163119111
1 0.0224087948186 0.289339269407 -0.378007880557
0 -0.244171490456 0.132970098862 0.0419546851589
1 0.0978918311818 -0.581813890099 0.0979694394136
1 0.103728293228 0.750405284497 -0.109905626426
0 0.00448792741451 0.0359363764232 -0.00123027624176
1 -0.0753879852052 0.574614162089 0.0999199575399
1 0.13098102753 -0.104030076807 -0.108453276642
1 -0.108570745622 0.0679766501678 -0.00291638354501
0 -0.604095104439 0.213554849739 0.225301296798
0 0.479108064545 -0.230542834478 -0.2918245707
1 0.0253631753935 -0.390207648002 0.193968840674
0 0.0827688350714 0.320261588093 -0.0286274628271
1 -0.0418921707911 0.117423679867 0.963233232691
0 -0.301936410097 -0.109485046223 0.265309408008
1 0.547497231628 0.351679394473 -0.788465937312
0 0.0376756166487 -0.0929263843934 -0.139956745564
0 0.651185727631 0.625872919785 0.642936390241
0 0.47510578464 0.423817557964 -0.220707363437
0 -0.509167696902 -0.76901454457 -0.649741852224
0 0.107240875754 -0.0136663484159 0.124888249663
0 -0.590098093718 -0.20694637076 0.00934368545542
1 0.3628626917 0.416528268817 -0.503986060654
0 -0.0385200927023 0.0526264562345 0.0814328759452
1 -0.065883407741 0.0186269391456 0.234909382774
1 0.00344585642539 0.0467945776818 0.0665316358276
0 -0.428429900011 -0.171829781249 -0.339664014549
1 0.114278813827 0.669984595767 -0.086233878843
0 0.118105589481 -0.549650703826 0.0687237767727
1 0.605544879462 0.560407898989 -0.245367101666
1 0.78192724575 -0.00375396729486 0.355298975617
1 -0.428363873163 -0.381269299465 0.300450513296
0 -0.096793755515 -0.0239889292381 0.0349368118917
0 -0.600697617416 -0.771440955697 0.390052145782
0 -0.0599937224164 -0.16687973076 -0.0364269042107
0 0.129701052101 0.160309879943 -0.206237938719
0 0.535139433538 0.307222187437 0.624633251449
0 -0.202132591673 -0.770599967762 -0.177895324768
1 -0.369605149864 -0.152092488764 0.60809551518
1 -0.147840851598 0.383237335993 0.377315420597
0 0.473461020414 0.049071887437 -0.462998112569
1 -0.0516561212053 0.43274963129 0.0412346148611
0 -0.671858621047 -0.841515028982 0.3554528747
1 0.454267643933 0.561112696024 0.656238979208
0 0.0282271979827 -0.607679521493 0.0542204336381
0 0.34721995939 -0.360394262328 -0.601694950165
0 0.474375892917 -0.326418339123 -0.0455382576209
0 0.590441222586 0.144247011647 0.0128786234316
1 -0.108419953247 0.15453385777 0.232013042331
1 0.00320420115326 0.0360097840309 -0.0264373085782
1 -0.364061068717 -0.364368874943 0.583688458444
1 -0.180213190269 0.294776656595 0.198923981058
1 0.310230678966 0.119739983515 -0.164826965418
0 0.298180059427 0.323808210586 -0.362286763988
0 -0.0110800346877 -0.685543056378 0.125720164972
0 0.131828873786 -0.319724331336 0.299092336046
0 0.322949012181 0.536412696263 0.214354299359
0 0.125513901247 0.234807589561 -0.271161152956
0 -0.095644385964 -0.316649154045 0.274262076192
0 -0.072050862158 0.386976959973 0.0709142001137
0 -0.0776269516805 0.0406171261993 -0.0286882680643
1 0.188173278964 0.568455451041 -0.732372177505
0 0.572064705459 -0.0912625509321 -0.282538927586
1 -0.0575365296975 -0.489802539076 0.499018323892
0 0.162984328602 0.378434271148 0.0844565768514
1 -0.262908067108 -0.475969884257 -0.0202635996352
1 0.397202499603 0.121192015006 0.678633795222
1 -0.443353347261 -0.466685806879 -0.823496831042
1 -0.171347394514 0.318707544199 0.00169622437827
0 0.0658076806579 0.366915899274 0.251083539845
1 -0.299241979344 0.0973892465552 0.040067853022
0 -0.447222509083 0.275005503643 0.117528766237
1 -0.0100230117919 -0.514304430431 -0.107907487567
0 0.327226307506 0.0488554349564 -0.30612825578
1 0.874143380799 0.570548954962 -0.0767156908501
0 0.172221309078 -0.0151580736924 -0.0744123410809
0 0.0568599405193 0.0174938247892 -0.0168843125479
0 0.251430931902 0.238318916642 -0.109727171589
0 -0.544256828434 -1.00329839413 -0.247710939654
0 0.0610186860236 0.257956704328 0.427571326036
0 -0.262679164273 0.375379682063 0.290819722304
1 -0.0561809987753 -0.0216592579304 0.0293597923314
0 -0.432237966015 -0.321115330555 0.824601860218
1 -0.00147051960354 0.482383140524 -0.2770442147
1 0.0954604169267 -0.138083433658 0.0478046717561
1 0.248765867958 0.0401159955372 0.167014072377
1 0.496497565186 0.562899201572 -0.152282476548
0 0.116850132716 -0.00799176032275 -0.0605501920805
