0 -1.72450102274 0.100804493081 1.57173296352
0 0.688443480762 -1.04907409203 -1.45046035727
1 2.74008628256 1.89962673066 -0.804349986896
0 -2.99386456228 0.435974377864 -1.60707360184
1 -1.17656255017 0.855194602845 -2.59824564983
0 -5.53685142953 1.80043874587 -2.47617705792
1 -6.34850531185 -3.55596378944 0.0534482758629
0 -0.960908867584 1.5624475687 2.92857439098
0 -1.08240124404 0.602875434906 -5.91523817893
1 -1.56665628743 -2.99004422859 -0.733809096983
0 -0.367333456459 -0.602229038868 -2.00704805507
0 -0.160901488253 -0.0251155448251 -2.77589929086
0 -2.4678003706 -3.2130926084 -3.40371222665
0 3.48555095361 -1.4233007221 -2.69569193681
1 1.50810491476 -1.21888146167 1.30815459942
0 3.26044991794 -5.04163230215 -5.77397296779
0 -0.756941261498 0.263320250879 0.587401814494
0 0.749087350499 1.20607339664 -4.55739462563
1 -0.792734568131 0.668763043666 2.48073752424
0 2.60808781949 0.24992178666 0.858149076976
1 -0.818811499596 1.02585134814 -1.10783914976
1 1.59198564458 7.1037826793 -1.42487370161
1 -1.78173274897 -3.54348838886 0.184697267996
1 0.354846462592 -0.115328032433 1.35774523537
0 6.2862687483 -3.00961186414 -1.51540949393
0 2.08450266131 3.19007190061 -1.49476971601
1 -1.26575068274 -2.50465485221 2.27991641655
1 -0.425852466538 -0.162071477318 2.71625435218
1 -0.496418395511 -1.45215576089 2.40912901093
1 4.22055622214 2.00605050557 2.29643927636
0 -0.154442344021 0.480989862211 0.363360393161
1 -0.499274569286 4.15198079494 1.02717120124
1 1.43959160198 2.12821611099 -8.32303826443
0 4.51858310477 1.75969137505 1.74602999214
1 -2.15945362102 -3.8221082487 -7.37591839114
0 1.31141263035 -1.09676526283 -3.99128948975
1 1.55022046707 -1.23633500034 -1.36861603074
1 -2.66373114195 -0.610180368188 0.233805743388
0 0.873666171304 0.102784019979 2.94626240281
0 2.11992893976 1.9210856245 -1.63290048565
1 -0.221163171318 -0.409051178277 3.38285342677
0 0.572586812519 -1.60108752361 1.98052401291
0 -3.94350128303 -0.345231914376 5.15615116572
1 -0.306993615726 1.19754210493 3.88687059208
0 3.39338983862 0.699187663546 2.37710443756
0 -0.276176270871 2.94127944111 2.16932883089
0 1.2439780675 -3.67345410633 -1.04867915298
1 -7.7289626582 -0.809313799226 2.10226380776
1 -0.83557518831 -0.617799399999 0.469668528172
0 1.46839510435 -0.873830433746 3.18004353687
1 -3.57195725176 4.53594698001 -2.80849350051
1 -1.14660202512 2.48707388263 -1.17653908884
1 -2.05462379804 2.96253796852 2.00502675791
1 -1.40321826443 1.39166014149 2.70532312602
1 -0.114587398294 0.446225022231 3.507224954
0 1.7617783908 0.735970415268 -2.53458169291
0 -0.272044373147 1.88752226595 -2.36368133735
0 0.725610516815 -1.89938309811 -2.42480747685
0 -1.55418583742 0.114732383762 1.8843337398
0 -0.687467836337 -0.926631551919 2.82457613592
1 -0.786477792122 0.119384901457 -2.01492061609
0 3.5178566944 -3.10112633256 -1.4387477587
0 0.0592857489339 -0.43014413358 -3.26959677884
0 -2.04862728138 -2.58167433468 -3.3776803303
0 -2.86909612824 2.86711243343 -4.5243007876
1 -2.63301647491 -0.883521849862 -3.49568433335
0 -2.18928485449 -0.866844553498 -0.773925688911
0 0.973183504308 -0.267283722346 -0.370148573503
0 0.858652487386 1.659448708 1.6457734052
1 1.89189308959 1.80806268572 1.97330205017
0 -3.50203565259 -2.20119229297 -1.79196224366
0 0.196297974474 1.04764225095 6.74295755502
0 2.87671698535 1.64395388949 0.0352107678281
1 -0.691547765818 -0.48327284067 -2.62274865711
0 4.19251973633 2.20610473588 1.90482535292
0 -0.44846675681 0.0608157173478 -2.81019551805
0 -0.436745059216 0.349103459347 8.59582222527
0 2.64209679566 -2.16047354573 0.863919740828
1 -3.17577989077 2.86721342959 2.12351090871
0 -1.85167194017 -2.8440327094 1.54662577943
0 0.497144359082 -0.660996673205 0.879924297879
1 3.36990710236 -0.0897519997448 1.40222492514
0 4.57073163549 -2.04185512185 -0.139769702285
1 -1.73988856342 -0.780127032965 -1.13696678442
0 1.39654987351 3.99753841356 -5.13886945861
0 3.6040481129 0.270726385925 -2.42537535272
1 -1.62642795562 0.0913371521718 -1.16435856804
0 -0.865556008582 -1.37228626402 2.08700120095
1 -0.596997894312 -1.06045162675 2.16611570017
1 1.99108235065 0.0316654375842 -4.56753181907
0 -0.162384192467 6.4941549204 1.72468135349
1 1.36128096372 0.403196963517 -2.27965411737
1 -0.0236041684846 0.0132577107711 -1.65275301015
1 0.348991740274 0.343776734748 3.60471559443
1 4.36883654779 -3.4450457189 -0.442115425604
0 -1.36583201186 -4.33563970539 -2.54626537036
1 1.36762029445 3.20143684837 0.30594241035
1 -2.43551309294 -2.38978073796 -1.60303269999
1 4.13577310859 2.92818280972 -0.497463627876
0 -1.01524154316 2.92096368984 0.939210954788
0 -0.961494043918 -3.43258851107 3.80777626508
0 1.79051685925 1.30244615705 2.33678260522
0 -3.75588063716 -3.17850239936 -0.0864345838038
1 -0.975048984908 -2.94528480964 -4.22723869497
1 0.58633535562 0.069444805047 -0.73014418015
0 -0.83488309414 -1.65444062397 -0.519127145393
0 1.04071344651 -1.09043518701 -2.90674377071
1 1.81262362555 -2.46959224438 -1.18574612514
0 -2.09403505079 -1.65299889973 0.405435087678
1 0.166482434916 -0.684673501498 -0.741891964565
0 -2.24307132897 0.40077087802 -3.26679020777
0 -2.33152147642 1.60524140213 -2.92222993117
0 -3.97287867464 -1.06200281809 0.271834368701
1 -2.49536623842 3.32002159427 5.35994999697
1 -1.30174453412 1.032639469 -2.92158686645
1 1.03631005595 -0.0157059729972 -2.18146232883
1 -1.05822049513 0.673926333378 -4.0250879395
0 -0.878522081324 -5.71986288951 1.0445872623
0 -3.07699244663 0.712208043223 -1.13344647583
0 -0.560537233213 1.29075769045 -5.41018915561
1 0.386388360363 -1.55090533075 0.141135407846
1 0.155413894833 3.64142438279 -1.58199687985
1 -1.56483224064 -2.02299024139 3.39122092716
1 -2.05877342928 0.758925936966 4.97498501723
0 -0.711155117387 -2.39645968701 6.27644228209
0 -0.800656370121 0.569693874792 4.85857155752
0 -3.22601727208 -2.08177940828 -0.236782373853
1 -0.684200599544 0.170922074763 -1.18824743838
0 -0.406348420145 0.176223274062 0.497802153998
0 -0.754816300367 1.25996740111 -3.03564375991
1 -0.447987175027 -2.77335929691 2.40772231601
1 -0.790989393827 -2.77271321597 2.54142397231
0 1.11986038816 1.01631473361 -2.4345198726
0 -1.35275481119 -2.91084854678 1.10604412965
1 0.482681590805 1.96337868503 7.44366598632
0 2.49670734059 -3.21000459784 -3.01727162335
0 -0.507880552061 -2.0574262327 -2.22693074122
0 -6.70717555794 3.86909214431 0.475435087613
0 3.68639514346 -2.5511773374 -2.37482234128
1 4.38841027176 6.66086307596 2.77223833984
1 1.67270446872 -1.41757466748 2.7469026877
0 -0.145996857656 3.12359892704 0.0797585806983
1 -3.59544191068 4.18159666245 -2.61616441288
0 -0.181915108473 -1.3284473161 -2.40360946046
1 -6.09240721162 -1.1306842229 0.66707012443
1 1.91121907812 2.12273635585 -5.8968162615
0 0.738459852636 -1.61365064675 -2.4404263718
1 0.956344818825 1.58394350731 -0.715364770467
1 -0.907064040789 -2.54535987221 1.04622291491
0 3.26787528082 3.86362223936 -2.04302688934
1 -0.508415569859 1.57244268142 -3.33819515383
0 -5.41217557899 -2.75797716518 -4.99400967662
0 -1.9394981008 -1.69589758535 3.77616833383
1 1.13818011658 -3.55916973399 0.282136629103
0 0.311196556745 0.881561609853 2.5066015885
0 1.64312958672 0.714075293517 1.55580699342
1 0.446662260365 0.872083758648 3.05658796985
1 2.61776408896 -0.100857110091 -1.41397747288
1 -0.949809197198 0.182176807173 -6.30346366495
0 0.171014196347 -5.4934356996 0.595418331805
1 -2.28166058583 -0.965820546918 -0.843128680179
0 -0.143797602793 0.394953588202 2.98892731509
1 1.17598009527 3.57185295795 2.94018403041
0 -2.33376780047 -1.79921363601 -3.54517736167
1 3.75930883216 4.62032869315 0.304664749856
1 -0.396397336814 0.823799530858 1.8089568583
1 -0.0266922780226 -2.41064472774 3.7831002178
0 2.002433941 2.86751426848 1.2122840731
0 -2.75934270256 -0.194340157913 3.25667209062
1 0.385176211764 5.41194344508 -3.90494208613
1 0.093659443844 1.99412653313 2.23327841212
0 2.66801867039 2.63546960753 1.97787240812
0 -2.27578131559 1.38273640492 2.54378018217
1 1.2772456346 0.685458248963 -0.432586054991
1 -0.4603065952 -1.83840529718 2.18049270305
0 3.23183019536 1.30160460819 2.33571527097
1 -1.31579934934 -0.210590066589 2.9193179711
1 -2.40863445395 6.45835059097 -0.413710612056
0 -2.64340613274 2.46936879624 0.494718549002
1 1.13633806793 0.633373807256 2.78238203015
0 -0.190920600002 -0.60095616955 -3.18639082469
0 0.846733248176 0.834605944428 3.10555409782
0 3.04789641639 -1.49580265151 2.24489876654
1 2.44308772729 0.215390570875 0.0777557469519
0 0.380535565883 -1.47740347383 4.42259611816
1 -0.37636028384 -0.474302571075 -3.10651848797
1 -0.149365819887 1.12405159918 -0.173963473676
1 -0.731381773929 -0.48716197636 0.888710532309
0 2.33593091945 2.89855622651 -0.459740587304
1 2.24299985459 6.2741422475 -2.36379937625
0 1.29320079371 -1.16578534641 -2.6807327004
1 2.46368531615 2.21419970714 3.31841955873
0 1.62075378229 -0.279558578512 -2.71903627179
1 -1.38366314748 -1.91214227946 5.88142288889
0 6.26026951654 -0.988914535157 -3.19021363678
1 0.655040373291 1.03435863044 -1.21794670806
0 -0.794035796935 0.171232116529 -1.53367326337
1 3.33979074982 -4.54717282292 1.73255071946
1 -1.11343581175 -2.17134434026 -3.45311894367
0 3.4965878014 1.13103908483 1.64377641606
1 3.07428708261 0.771960693002 -7.18035298237
1 -4.93936332601 -4.42481096878 2.22298461589
1 -5.63274840363 4.03772727231 -0.0862178509325
0 2.48599552077 1.83981451031 -1.26344811988
0 -5.28094198136 -0.169701378203 4.50428421106
0 1.32939649978 -0.703508839051 -2.8155590766
0 1.2033787832 1.94323251383 -1.70159386434
1 -0.645090977773 2.1781623436 2.06449267533
0 0.679919586851 0.285392780333 -0.56549781998
0 3.54738902345 -1.77976814231 1.29685840375
0 -2.44796460271 0.186983790638 1.27373081292
0 0.597089202697 -0.332171334294 1.9190070371
1 1.21789248722 1.05245488605 -2.91400021498
0 -0.893786442011 -3.21437661251 0.538866155668
1 0.903197695144 -0.314658972476 2.58649228092
0 -0.825317163307 -1.38497390915 0.215794892301
1 2.83843307055 -0.158698188313 -1.6309574522
1 -1.43972714752 -0.605081470868 0.564207853102
1 0.147613274105 2.29770541048 -1.32817977382
0 3.5280415131 -6.20128814141 -1.01219062854
1 -0.709119151194 -1.68213858038 -2.25766576794
0 -1.10621434739 2.04526926798 -1.89704970024
0 0.265231779278 -2.21955873156 2.31564687962
1 0.550011844804 -1.37621553771 -4.27598926829
0 -3.58702720487 -1.36282716566 -0.924467946187
1 1.70135666853 2.60896600348 0.803529423331
0 0.871906150218 -0.426216477585 -2.97056003369
1 2.33587599851 0.848441356932 2.37509576942
1 1.30996721976 1.16621689842 -4.24790984764
0 2.11023869375 0.798596530969 5.11333905579
0 -0.677021766986 1.16905343084 -0.114636805017
0 -0.797826938248 0.144073114762 2.51704851988
0 -0.0965503791235 -3.18300849036 0.667788107699
0 4.017352029 -3.37429128749 -2.06329578183
0 -2.3120838475 -1.89354124705 1.68636045408
0 3.05629307622 -1.81034239448 0.0935960552266
1 -1.4729074037 -1.29347651385 -0.071398345759
0 -0.290031511895 2.32548466064 6.86131178832
0 2.95297894615 -0.913367169313 1.86022186975
1 -0.060686375677 -1.42882588265 -2.47690341306
0 0.701660319603 0.251798664389 0.774914572398
0 2.47287311601 -1.45203478512 1.42534089184
1 0.636674494617 -1.64043054052 1.25556508704
1 0.826216042143 0.922774252544 -1.03144531072
1 -0.43518518006 0.671216216656 2.8554777476
0 -4.14272084701 -1.15106082881 0.248666824422
1 0.844197351784 2.24835381417 2.32147100946
1 1.51323078342 3.05778761008 2.03221390255
0 0.389147442248 -0.000940125622254 2.4944459278
1 0.0918453604098 1.05121730682 -2.96853036873
0 1.34233530897 -0.10617485215 -4.12195941441
1 6.38376868442 1.72024730091 0.34561451497
1 0.151279115889 -1.93308208214 -1.73163449348
0 -1.95571910871 -0.480154434687 -0.331133655957
0 -0.132439275164 -3.24535303017 0.27966039186
1 0.072786306829 0.192510121597 -3.90547387772
1 -1.77581536549 1.42818837712 0.828834151591
1 -1.30441790621 0.657113720421 -3.43123989835
0 0.4457551422 -2.83466345464 -0.535799898915
0 -4.58570742983 -1.21669441738 6.7577822674
0 -1.65674531415 -2.9028396747 -2.84708815052
1 1.21307332168 1.20548084607 -2.42879776358
0 -2.08623920941 -2.45792190454 -1.1229679732
0 -0.475756725265 1.42773617945 -0.997333285977
0 1.60294705719 1.74533839023 -2.88622134422
0 -1.00179984238 2.23651336295 1.40245554059
0 1.13565743184 8.02187370832 -3.10897635348
1 0.99016766636 -2.72370657082 5.99081063775
0 -1.35459302327 0.7339277531 5.77529473681
0 5.95047425369 -0.574806695205 -6.29212283299
0 -1.37242343307 3.69883378713 -1.55119915545
0 -2.96049047732 0.145634259187 2.27052061595
1 1.30077945282 -1.39974917246 2.75828077271
1 -3.19244821326 -6.89868053952 -1.8630879786
1 -1.24007630267 -2.74256295646 -0.325076135221
0 3.70710882727 -0.0254484271081 2.33509116421
1 -2.30727115255 -0.031470298981 2.9066153351
0 -0.403797845446 2.65267729699 -4.18908392057
1 3.22440108604 -1.860077332 -0.989144772308
0 2.18899109196 -1.20408685115 -0.833777788702
1 -2.54366717506 0.332338678156 -2.9503386373
0 -3.68910019314 -1.0502204817 -5.27609394047
1 2.79369244495 -1.60634719113 3.01979556072
0 -0.706463900143 1.51094943037 3.52104334266
0 1.01619878535 2.20380611504 -0.606602646779
1 -1.75113119075 -2.45799744786 0.982685795427
1 -0.338323456675 1.72717646318 1.28125232556
0 0.451591304839 -2.36489460912 1.00605260812
0 -0.791865759152 3.50819124172 0.476316927324
0 -1.35305966673 -1.05212172102 -0.0148921079105
0 -1.25558773212 1.00548362288 -1.67387444484
1 2.84222166223 0.4927817974 -5.64332697417
1 -4.47196130969 -1.38376288721 1.79315720054
1 -2.2331916906 -1.61196337789 1.71288077172
1 -0.0187315237533 -0.0327947563353 3.12986522034
0 -2.36726724599 -3.82824162163 -2.81052136343
1 -2.09429743245 5.77986083842 2.85585790453
0 -1.30286998497 2.52501127805 -1.44958367675
1 -1.27388534588 2.57557797408 -1.80262301775
0 -2.89693514202 -3.01128078453 -0.597942661106
0 -2.35475966365 0.529521940244 -1.20887650794
1 -1.89429950485 -0.432836289776 -3.93131100807
1 -1.8478935324 0.636585104591 -0.073173896932
1 2.07791733751 -5.33843937336 -0.37465253019
0 -0.812107007663 1.37158799836 -1.07143489985
1 -3.74297626686 -1.4858342604 -0.605311543004
1 0.988657232504 -0.603836043769 -4.88338838517
0 -1.25942271433 1.33659586493 0.98161330668
1 -3.92970315903 3.17456225538 -0.0463012584521
0 -0.36145971481 1.51150992394 1.96005913973
0 3.40048535148 -1.84254562352 0.873115847671
0 -0.60151078427 -0.807169170491 0.264705490976
0 0.467938146962 3.22074118639 1.00035878484
1 -0.259090734874 0.152474452057 0.0650375732522
1 0.912738860144 1.57750456121 0.818565624468
0 0.160424861196 -2.39083160149 -2.79771841938
1 3.62472249339 0.957292571118 0.298478436647
1 0.735853865723 1.78269789511 -5.73013740822
1 -3.41680687725 0.599984566961 -2.35573488359
0 -1.54450693994 0.647569160973 4.65052009092
0 3.23341636725 -5.00019304742 3.38919534615
1 0.416423305151 -1.94272434022 -2.88151046364
0 -4.07926040637 0.607602535534 1.80220151795
0 1.90411575801 3.12793776201 -0.950019223492
0 -0.124912487822 3.20470232477 -1.00436552123
0 4.80926121651 -0.597755020432 1.58318671997
1 2.96280853064 1.12908547897 -0.411411040534
0 1.50680021444 0.394767288473 -2.17691983878
0 -3.88086659948 -0.597410051409 1.4809664859
0 2.63428372628 -3.99833744629 -3.62391806352
1 -1.53700256966 0.580781204834 2.85813538936
1 0.880342086884 2.79697696311 0.710023175437
0 1.03329364595 0.908593118525 -3.07830958836
1 2.87726191119 -0.142747704151 -2.22004159863
0 -0.568135631994 -2.02414218894 -0.0932635468949
1 1.38195132266 -0.855826661731 4.38183119891
1 2.93989200585 0.409210246564 -0.0157388681564
0 2.23853587394 0.989461821372 2.78868165975
1 -1.81269395326 0.144319246403 4.61985433481
1 1.66511074163 2.5096889474 3.36494082886
1 1.89393128411 -0.934862720398 0.725804426741
0 -1.50464168369 1.16424874008 4.29477072743
0 -6.3761794655 4.8588950508 2.16283509353
1 3.76931657848 2.02395270229 2.99105930835
1 5.86214856919 -3.60347888087 0.101473572601
0 0.425076592672 -2.88829725689 -2.53975945762
1 1.52582458518 1.47410931202 2.2141824063
1 1.8223145734 -1.81101482408 0.227697761555
0 4.40873353424 0.0831307791301 -0.829364929225
1 -1.66344035237 -2.16764707408 -1.77856099115
1 3.36621405811 0.437267962101 -4.78773903729
0 -2.12509644846 -0.553777579392 0.273010646661
1 -0.395702354118 -0.450539452141 5.23963429382
0 -0.543283693998 -0.0336141836194 4.95143729929
0 5.2214671407 1.99105339757 -3.1491448909
0 2.74000083681 0.554370650061 1.76785026021
0 3.51017063421 -0.633386405462 -2.47349731317
0 -1.49119762306 -1.92824343412 -1.80524836814
0 0.626968998417 0.789750408686 0.0663350858516
1 1.85225106565 -0.115670635725 1.30349033519
1 1.08465033008 -0.169736601645 0.287524077859
0 -0.2550178532 0.00611625651688 0.766247204555
0 0.15042821712 -2.94332896078 0.678632319649
0 -3.16028444055 -8.00681919636 -4.72408163836
1 -2.05800449487 -0.822944160267 -2.47882562078
1 1.1507744489 0.730503827532 -0.935193157213
1 1.57985468085 -3.65026057102 2.64997295629
1 2.82998065605 1.11486485262 0.556058840771
1 2.60905830822 -0.550148533693 1.33900765098
1 0.129590168647 0.911233312665 -2.05661034699
0 1.03553009085 0.203125044 -0.172074629692
0 -0.406827677057 2.51289982696 2.75124462147
0 1.33090120564 0.0605600494824 1.48894843991
1 1.43728970562 -3.50480510799 0.693541995583
1 2.81309182205 1.58376081238 0.116395884229
0 -1.56102891901 2.30855333854 0.35056569556
0 0.928704936417 -1.86563220419 2.11340345484
1 -1.3895769399 1.3777579423 2.41441770207
0 0.895101309988 -0.646704918763 3.32881826387
1 -2.64648760447 -0.745668173049 1.51622117626
1 1.43929671421 -1.05467017509 6.29623140694
1 -4.87935174812 -1.85126223583 -1.70029354127
0 1.42303422341 1.39588708299 4.13018215585
0 -0.353235281355 -5.24014017585 -2.14207846293
0 -2.76456258231 -3.02344711657 -2.53048261694
0 -2.12836428304 2.54773541475 3.67794627891
0 1.29389000386 3.15622594534 -4.53021366289
1 1.95320185486 -0.55256706947 -5.44127956624
0 -0.960769096392 -0.423090604749 -3.02220817557
0 -3.32312319283 -2.46878984263 -1.07710432504
1 0.667770970759 0.915624154424 2.51445334858
1 -1.36293053283 -0.0752195978034 3.90392792195
0 0.315312279478 1.42864692845 -0.426555737565
0 -3.51617895039 -3.22844440937 -2.91654266718
1 2.00889292401 1.35712596535 0.190860379901
1 -3.11395185874 3.31024951097 5.57116671273
0 0.0330393890044 -0.814862550939 -3.65600033805
1 -0.236677565487 4.75818648624 0.587330261605
0 0.292473088999 0.348278813106 4.20179717897
0 -6.87332169223 0.736351038173 -3.11087674362
0 0.628670332238 -0.434525311474 -3.01502874627
0 0.681876785419 -4.5789938072 1.73340400289
0 2.21903643571 -0.268973637827 3.85790989084
1 1.22424145767 -0.524558906501 1.12593567464
1 -4.49789040962 2.26991094522 3.31491735328
0 -2.23079431091 3.19582612997 3.63862143317
1 -4.62731454814 -2.73752980156 3.23484800263
0 0.854272742924 0.421450880716 4.29616674193
1 0.693141510376 -1.23375208527 -0.287012758854
0 4.37947840869 -3.75649635363 4.03185373211
0 3.58156364257 0.747529409511 4.27051223904
1 0.662296325868 0.692335737684 3.05461885675
1 2.60385981366 2.35302623132 2.71688040669
0 0.973377506143 -0.790284265867 0.662476078637
1 0.530703659969 -0.600235021877 -0.979906277363
0 -2.77677185383 1.810002554 -3.58590171198
0 -0.720527418839 -0.0120451800084 0.830188090722
1 -3.84512826531 2.72465205743 3.62525692043
1 -2.68349189055 2.0024368895 -0.866922683075
1 -4.80179072621 -0.369213657829 1.89675727653
0 -0.0699906351399 -3.30037646204 -0.809502056239
0 -0.499791850896 -3.99696695549 -0.207697987005
1 1.14452785196 -0.60478833576 -4.22640720801
0 -2.34492928231 0.637904663603 -0.138077355135
1 0.0629161940641 -0.844911685806 -2.58896699749
1 -0.371359534864 0.916086420401 -2.84803116788
0 -0.257000205804 -3.33123288109 -2.44920263713
0 -0.69608612728 0.211074081407 -1.22912689782
1 -1.68016147351 -2.76785903962 -0.359673871059
1 -1.05814241104 -1.92170497471 -5.5682294271
1 -4.35314510761 -5.84511724917 1.15992682567
1 -4.29758364 -2.456932656 3.40590794177
1 -0.689314586107 0.0467679713976 1.03445025022
0 1.3822205604 -1.55911008723 -1.37725653164
1 1.63601216734 -2.30605392219 -2.27065803683
1 1.72009719654 -2.1729645072 -3.04697073414
0 5.62614238769 -4.44162839366 5.93657706187
1 -0.0116139786586 -0.146508602529 -1.89334403213
0 -1.01809265154 -1.75094331223 0.0806019751956
0 2.31795564477 1.25198092505 -0.886235505055
0 -0.605676096187 0.951425008337 3.12471681359
1 0.879797244439 -0.862644855754 -6.03270388441
0 2.90457896873 -0.603039455238 0.883281862917
0 0.29460599211 -0.466780840308 -1.74058591361
1 -0.972296485076 -0.659933277684 2.17846170738
1 0.871239228234 1.98435273411 1.612475718
0 -4.72378457048 0.678681162384 1.979043441
1 -3.79812345322 -0.353401568399 0.543149628214
0 0.466466636443 2.86081616865 2.14471354903
1 -0.747036145249 -0.111081634348 2.34309299014
0 -1.84637685804 -0.390261776838 -1.08043089835
0 0.349202947444 0.0851401946328 3.34047965747
1 0.572119251163 -0.37598282895 3.38076523722
1 0.256205267143 1.08663928057 -2.38265346946
0 1.60082297173 2.12267896035 4.19309364448
1 0.314944996134 0.159689360809 -2.01253740841
0 -3.96390496549 0.562628060788 2.58491596093
0 0.525633259211 0.337734283038 -1.87386170595
0 -0.94221612341 1.2644722374 2.61159297553
0 -0.789563744931 -3.21989074333 -1.04279899058
0 -0.652549036795 -2.76972932909 2.50011790686
1 -0.33877249817 -3.4858446693 -4.80617692262
0 -0.397934413504 2.27573300623 -1.88497165893
1 -0.392093629809 -0.0436838873822 2.18326763336
1 0.0351137776375 2.36499519955 -1.97782637932
0 -0.217946447721 -3.18252603975 -2.47666085878
1 0.243043948057 1.8343234552 3.66862178394
0 0.0484859769826 2.59075138838 -4.88334311936
0 0.749293079306 -0.51360743239 -3.00038745656
0 3.01140429515 2.68696870165 -3.27121797936
1 2.13644541383 -4.87041410453 -4.09960598687
1 -2.46352461214 2.08600777227 2.48838259353
0 1.88725570107 0.806726978541 1.17414384177
1 -4.74391818124 -6.48998368004 -2.44696248787
1 3.45596827521 2.38162723521 -0.154853134561
1 -5.21640252799 -2.5408100359 -1.16324603913
0 -2.79533627206 -1.65634657105 0.476922257351
1 0.509287654575 -2.67647170678 4.78252274805
0 1.75592001274 0.441086560648 3.33965324064
1 2.14402111393 -4.72222400443 -6.22636599165
1 -0.508256072924 -0.170348582566 4.82520707727
1 -0.23709016727 2.37261706208 -2.44947273878
1 0.662049629553 -0.43296622555 1.76472721831
0 -2.57927461811 -1.44709715033 -3.812633643
1 -2.98395355246 0.440994180561 0.382072365103
0 0.511608165275 -0.447226042148 -0.0139881777937
0 -1.07926666916 -0.309963758781 -1.45554853135
0 -0.277081600875 0.348802268294 2.85238028248
0 -2.21308992078 -0.206822478201 -5.73426390869
1 0.29683590916 -1.1072540947 4.88073426235
0 2.68506871714 -4.1241950385 -0.704810609271
0 3.51268926201 -1.29893669295 -2.42870670364
1 -0.13570019958 1.84162658193 2.01239709737
0 -1.70958971375 -0.374105579095 4.67754999479
0 1.61285981817 -1.69439915044 1.74691133735
1 -0.292786507784 1.2711163426 -0.743495420821
1 1.89235575417 -3.11844202426 -2.99293215008
1 -0.89243718996 -0.61306005964 1.73882775916
0 -4.66755442097 2.71166406366 2.12071644021
0 1.19889723184 -1.483649072 -2.1537922776
0 3.60298706248 -3.40109486808 1.49564026428
1 -3.09640973063 -0.067145394488 3.39844621373
1 -1.63101354615 -4.53253167089 -2.17878303372
1 -3.92806048851 -1.28794736395 -0.026927500066
1 0.0610942219912 -2.58509407439 4.28749359618
1 -1.15984326264 -0.711580234847 3.34249843424
1 2.23838430398 -0.045734085504 -0.313579042222
0 2.1073027601 1.90977025745 1.21316532804
0 1.36715088522 -2.75135921992 0.131818579342
1 -1.5227728824 0.0586836225326 -2.52472810904
1 1.21933617332 1.69538248932 2.67449115199
1 5.39224889836 -1.9039261659 2.19939321527
0 -1.03940388203 5.43420225062 -0.56577087249
1 -0.543848655172 -0.0536992210352 -3.40577991418
0 -1.61461076392 0.758452675153 -3.28207529916
0 -0.626653472348 -1.49344878626 1.55262076251
1 0.803714616206 -0.562027822203 1.70607018492
0 -0.774817224899 1.54238735919 3.85530407832
0 0.312842517235 1.57251693115 5.73984416967
1 -0.138087963738 0.264608759793 2.92299284936
1 0.587727447475 -2.00417324614 1.34040233916
0 -0.0416198885918 -0.433236563595 -0.914546853653
1 0.581046000552 0.537338918878 -2.5222488527
1 1.60119779297 -2.8903557678 -0.776179742851
0 0.380433332575 -2.12757842829 -0.114364526271
0 -4.67729031792 3.74824339204 -3.94144285584
1 1.99054473586 3.14745677481 -0.447835608607
1 2.31455455306 1.15015683326 0.226794912184
1 1.44773441951 1.18624249251 3.30318862642
0 -1.60400689868 -1.96168915598 -5.87269403624
0 -0.26274389832 -0.878762747797 -3.03731344953
1 -0.449054069585 0.936590017929 -2.3206038849
1 1.56557392932 -2.08497686187 -3.75020871308
1 0.82806597559 -1.61352886277 2.36332335599
1 0.418501913981 3.87373350709 0.144370893431
0 -1.54303513878 0.247742060792 -1.001410684
1 -3.11923668951 -3.20345812363 2.19737514201
0 -2.04690655851 2.99520596691 -2.22752603003
0 -1.47740932658 0.510769222872 2.76530822844
1 2.45747756912 2.50679302031 1.5957657627
1 -2.00782496888 -2.10687998445 3.31609392569
1 -3.92127655845 -0.0381996473083 0.562651174536
0 6.3344289298 -0.572435022324 0.0113326528392
0 -0.498515403219 -0.596420669497 3.98934689966
0 0.642595171462 -0.814123228178 3.03277156467
1 -0.35941701865 -1.23429174378 2.49665780408
1 -0.168613392743 -0.711093342022 -3.32204376946
0 1.82223819821 -1.24099041869 4.07792426515
0 1.07778401254 -0.609929617831 1.58834110138
0 0.160782785239 -1.06661688561 0.256968166871
0 5.53384652181 0.82475119117 -5.00696473505
0 -0.286657065692 -1.25604919519 -2.99655367335
1 2.06961053489 -0.349054865499 -1.76036339753
1 0.574639478136 -0.871231026241 5.48086535347
1 -0.590852908905 2.33558065651 1.92058485678
0 -0.522954328849 2.30750038444 3.48058704863
1 -0.797539489122 -0.0450681754559 3.42867527438
0 -2.49393962628 -0.95739320501 4.3329162527
0 -2.79977670314 1.6076900482 0.594481021681
0 2.60099079388 1.95882847141 0.703448812041
0 3.94997459313 -4.15463285448 -1.40835666528
0 -2.28483877684 5.24144968693 -5.29494946067
1 -1.04550702245 2.39638137543 -0.35828552866
0 1.40494395384 2.03289399164 -2.03870249727
0 -0.698013395847 2.97868854431 4.29774418744
0 0.998013679923 2.12809742848 -4.61020362177
0 2.8972895822 5.32554309925 1.39986066934
0 -0.30702474961 6.40074982839 1.86359676857
0 0.62936080041 0.556936434173 2.53768951119
0 -1.98005107489 0.839250176829 0.380876428246
1 1.36745855636 -3.92712204809 2.48543310116
0 -4.04926409669 -6.0454393315 -1.06482426445
0 0.809711717681 1.62111393525 2.15553118655
1 -0.236740382855 0.744406182508 -1.62345666628
0 1.7658706413 3.10663958622 -0.309682021968
1 -4.54706172007 -2.05659343664 3.73130881093
1 0.716424707339 1.12230604586 -3.55329505488
1 4.22939924418 -1.35115502644 -0.666904222144
1 0.493613942395 -1.0726536414 -1.32255077235
0 -0.0101986350821 -0.134983146343 4.82677394425
1 0.487217188045 -2.19574121798 -4.60315596438
0 -2.43992215968 0.179170733445 1.38563515656
1 3.14793138956 -1.76947318854 -0.354557990329
1 2.87170150142 0.362150358466 1.13991862568
0 -2.39236306673 3.42119079837 2.81612323473
0 5.25675457358 -1.03309190837 2.27595276058
0 2.05263587141 0.334306348524 1.68844379843
0 1.78599810167 1.58153157115 0.711865646732
0 -0.869933796931 -2.3488053782 -5.91222299174
1 -2.63805138365 -0.245272857422 -1.21212418973
1 -1.2473358683 1.98666878119 1.30811181015
1 1.11899548365 -0.285242890897 0.177551874736
0 0.906430788484 -0.208981992814 -0.357851123527
1 -0.550634445452 -0.170787706184 3.19450146845
1 2.57240184976 -0.818083288575 2.66408912092
0 3.24819585805 -3.63066432681 -1.57268538094
0 -0.888671875019 2.16189559904 -4.08047647296
0 -0.494416083304 -2.59459729448 -0.754281829948
0 -1.91207611798 0.523572296185 1.63155953011
1 3.0077898768 10.6041256615 -2.76236466629
0 0.821919836107 1.44032540648 2.29156713319
1 1.88460905459 -1.73925129245 -2.85061278661
0 -1.06578482923 -1.7030485011 0.79036001505
1 -0.328846679146 0.124752129261 -1.2878178145
0 -1.41049193016 3.4726814259 -1.91599187822
0 4.84204152363 -1.52187220102 1.99837521187
1 -4.0401958592 0.98775128293 -3.69244520029
0 -0.759774530965 -2.72524610175 -1.11307690131
1 4.30858615717 5.34544314939 -2.62214802889
0 1.72084853576 2.01322487922 -4.14070305297
0 0.458606263882 -0.146849366311 0.30742663851
0 -3.85594850097 2.1751602782 1.26439629183
1 -2.21182851566 0.787976098816 -3.85533360981
0 -0.00975913914182 -1.6674017289 -0.137554967943
1 -1.67372858961 1.76474470882 7.05617029638
1 -6.12659667533 2.76935312206 1.67636467059
0 -2.39160540489 -2.82844288749 3.3783006533
0 -1.40452902878 -1.76076691245 -2.9569017958
1 -2.59303252047 0.20322518338 -0.289488966629
0 -2.58519433199 1.52158829859 -2.01815336943
0 -0.344893426207 -0.888215764958 -3.04982875055
0 1.40867352857 0.350078442435 0.426487301966
0 -2.28625427947 3.8953376025 3.27609558308
1 -1.31780620337 -0.816020455127 2.34503616307
1 0.409109532284 0.788594520336 5.18999176017
1 3.69997619608 2.77519708806 -0.274967549208
1 0.0653341521647 -0.0576413074841 -2.93003092063
1 3.37961120983 -3.29814000152 2.14233935672
1 -0.519236388103 -4.34477329519 2.27026490319
1 -0.567923233763 1.18762827769 -2.43183225751
1 2.63525267495 1.80220440273 -3.68612874015
0 -0.701242279984 2.44548697892 2.9412057737
0 -0.893412850749 0.206650975054 -1.16726030843
0 -4.71448280813 2.78158282214 -0.18214827801
1 0.428773055464 -0.67997206234 -2.29818454293
1 1.87502123738 -2.16120456834 0.0638989384475
1 3.67021523612 -1.23131803393 3.90251660528
1 0.954810459433 3.48572708633 -1.12388706641
0 3.12918017881 -0.298156784085 -4.29733996743
0 0.142884038427 -0.198525603286 -0.351219858316
0 4.27838145538 -1.98845743644 0.106436243819
1 -2.24076686252 -5.00504901408 2.24281170276
1 -2.63570805415 2.17358233738 0.342317750347
0 3.06954158131 0.871181686825 -1.30183272799
0 -0.00982290212237 0.246050091706 -3.49768830993
1 0.683382991707 3.08096688057 4.71564007903
1 -1.78932740848 2.71400775592 -1.88951957199
1 1.60079466421 -1.49683561013 0.960823129219
0 0.309381498054 -0.259369759548 -0.100235106639
0 -2.78940373472 -3.63568302289 -2.47412620228
0 2.41744319766 2.13198143895 -1.07249034184
0 -3.17331013618 0.176811545665 -1.57940959218
1 -2.70913275192 0.189587258177 3.68491042517
0 -2.63738231361 -1.55233244617 0.378518970325
0 -5.33563864686 1.54414119318 -7.36798357551
1 -3.05114252576 -2.31744456685 -3.4105924797
0 0.207661598551 -0.62310321674 -1.23242110567
1 -0.840889256136 -6.55678810453 0.971958724301
0 -3.06450476097 0.563542507491 -1.30969526726
1 2.5910824152 -1.88787247228 0.44298953632
0 -0.380532357218 -1.82391607445 0.62454953665
1 -3.41081284589 5.27920867173 -5.23052532332
1 0.435630994143 -0.577695342186 1.21156196588
1 -4.0168521394 -5.01001263063 -0.223880502777
1 -0.0318603277049 -0.658971162691 -3.2283943779
0 2.42328266421 -1.21488292979 -2.19615222686
0 -0.601436266806 -1.94591711471 -0.748373686377
1 1.13304206998 -1.05194108965 -2.43377546701
1 0.179671048045 -0.759412066382 1.82055302995
0 1.33869464642 1.40372309708 1.18409002798
0 1.99457157341 0.827221733221 2.36601279996
1 1.00638816244 0.87485974026 -0.619373409294
0 1.63226647761 1.75330758303 1.15993881047
1 -1.63025609894 -0.668941324861 -3.27993723303
0 -3.45994715532 0.538573438875 1.72431905623
0 -3.11390210264 -1.75424661412 3.81297422873
1 1.40358832043 0.292616637646 0.181515696485
1 0.363953460279 -0.368366932159 0.800730069181
0 5.46002954194 0.129848227089 0.0315322055731
1 3.14796570467 -0.43935808304 -0.965412212848
1 0.58627739787 -0.287517908215 -1.45649576913
1 -1.56318413395 -0.288369548914 -3.61753771335
1 -0.175641701448 0.136005984742 -1.86892854715
1 3.27020659075 0.629169553323 -1.87888411061
0 0.751314016641 -2.42849688551 -1.32940075467
1 -3.66383918177 -0.0919761463279 -0.792652313481
0 0.0766892496325 -0.776327504183 -0.325496292305
1 -0.818551860404 -0.526126990154 -2.94343627549
1 4.59017406573 1.39082300643 -7.28767959848
0 -0.775931296026 -1.41885717166 -0.148472660949
0 3.37493731292 -2.61944958052 1.42342479042
1 6.09184687106 2.79523817904 -2.66018711601
1 7.46892870383 -4.3018698586 3.03603897584
1 -2.23590736662 0.186975836113 5.09114487435
0 -4.75471253782 -5.04569363867 -0.414126070981
0 3.90187977715 -0.80257129478 0.728244427757
0 0.593742099195 0.672470210372 -1.65112082295
1 1.58508437651 -0.461246032412 3.05225763586
0 2.825589831 -2.06347917616 2.23192300103
1 -0.408661368641 -1.04531145845 2.58792451417
0 -2.66934046761 -0.980795081411 3.62189346707
1 1.41489676807 1.80666360144 1.26201542444
1 -1.97090324537 -0.893248443609 0.235935495763
1 -3.47023756487 -2.02589747882 2.87642461422
0 -0.321027042671 4.31713859263 2.04355579263
0 -2.63630409039 1.63474936915 1.33363745543
0 1.99827113367 -3.7575290762 -3.51907305629
1 0.981074625293 -0.955834750517 -3.03202002558
0 0.569485893408 -1.64079727739 -2.21747954553
0 -0.757669868084 3.16127024606 -0.939547568898
0 0.972497860071 -3.22135656214 0.570562816622
0 -1.56416918407 -0.434008353312 -0.40602965806
1 -3.25321193521 4.3190377919 -0.515495259979
0 -1.27654576037 -6.14064298298 2.58076068241
1 4.7025192523 -1.18619979911 2.81696030455
1 3.65583287599 3.68660090425 4.84379613567
0 -2.23723850802 -0.775991441928 0.732637204618
0 1.17207103178 2.08079724992 3.14853604709
0 5.27462786987 -2.11807602005 1.67114087869
0 1.23003653641 -0.713447219539 -1.82452544769
1 -1.07460226871 1.6235237075 2.35632638698
0 2.15458512978 1.03383117281 0.941449809396
0 -1.80293548426 -0.000154602486513 5.11522006076
0 1.18437982797 -0.696905024175 -3.16863266611
1 -0.726533717486 -2.32795714413 -3.36347414957
0 -1.86033058183 -1.21254823202 1.90006048414
0 1.12007980973 2.72528131722 -0.529096414557
1 2.46276681763 -1.02451776379 -2.27230678254
0 5.00544918552 -3.7118264182 -2.37546133652
0 -0.484267933803 0.666561584484 3.78324605355
0 -1.46673520177 -3.90616169837 2.2666088711
0 1.32389012816 -1.18415967811 4.76074641481
0 -2.90617836453 1.41791251016 0.220067901103
1 3.37351283832 -0.251942978215 1.3298644201
0 -0.170597662483 1.69585242374 -1.93780990465
1 0.94219459693 1.13510630211 2.78952654958
1 -1.66968030797 -1.84738016418 -0.67863028765
0 0.805004177182 1.28593315381 -2.53176643034
0 -1.89298324966 -1.3232805009 -1.36880539911
0 0.291903740959 2.60832618783 0.708536981908
1 1.73748579732 1.04949882317 -0.712029751446
1 -0.0758065200749 -1.73327402446 3.20448046637
0 -0.573431249397 1.43262756773 -0.230537050325
0 -1.5212078462 0.876571047354 -4.01975052978
1 1.22385639551 2.81943441879 1.62169160982
1 -0.974014742573 -2.32993846197 -1.36023998795
0 -0.119741712301 -0.148607938605 3.0897829293
1 0.315729102254 -1.54138076329 2.50034491602
0 -0.92548819563 0.591613394268 2.13089353852
0 -1.59240938156 1.20359908797 -0.00361188684225
0 2.46276719853 0.56460428666 -1.52713379013
0 0.16962548959 -3.00979319616 0.341071088804
0 0.381448765365 6.39921262659 -3.89666375413
1 -3.67728559322 0.154918752184 2.78372030113
0 -0.565089597304 -0.0743694050621 2.54747446193
1 2.38627030682 -3.54103552322 1.27220745252
1 2.54321115783 1.41967821574 -0.624819265428
1 -0.712899130631 0.0382292551146 1.24513209134
0 -1.46063490308 1.49049266381 -2.17252142333
1 2.3669532893 1.66416440726 1.80829068938
0 -1.18219346429 -1.22660536504 6.31655624951
0 3.67522023189 -1.69567458721 -0.762909324267
0 -2.60576173798 -2.10575706718 2.77965075288
1 -0.855309404998 0.240894555478 -0.583362889983
1 2.24809642544 -0.738557023049 0.240037978003
0 -1.16301460217 -0.125069265949 -6.07224881737
1 5.67349124274 0.635684540284 -5.95531537498
0 -4.87877739807 -1.86316167088 -8.84371544298
1 -3.94608331939 3.49182843993 1.82775262284
1 0.320732072491 -1.44471331409 -2.42824577467
0 -1.78106940245 -1.31566929302 -1.78738037661
1 -1.07811908104 -3.33082162136 -3.06918310563
1 2.9470100977 -3.35123446728 -4.8026930542
1 2.3562983254 -4.7397778301 -4.68107893707
0 1.21780032999 2.16379270392 4.25935150496
1 0.500951143123 -0.651678158026 -3.13513680117
0 -0.366181350347 0.462222517747 -3.59300362557
0 0.684965527648 -0.635710986055 0.904956423727
1 -0.488014032391 -0.633804034933 2.44115047394
0 1.67535073558 -1.36521221306 -1.81173749863
1 -0.377601060498 0.441032232012 -2.82527148296
1 4.95213566475 -1.25666778964 0.0803086904725
1 -1.49592505431 -1.28415907067 0.72611640249
1 -1.42837529989 3.45243066017 -1.83929037682
0 0.586577858382 -2.64736024748 -1.51436068684
0 0.445424607266 0.0845004252852 2.47045872107
0 -2.96748924677 -0.627984754517 -0.96947547625
1 0.242425635416 -0.305811302124 1.54490800624
0 1.96204075152 0.302066343532 -1.92647816158
1 0.310919756254 2.58546962692 -0.0236360418016
0 -1.98989150892 -3.624177789 0.171161502866
1 0.694862996992 3.73084601631 -0.823315429403
0 0.954308232741 -2.73935683312 -1.87660063067
0 0.507121037105 -1.00150730824 0.908275130552
0 3.94298617987 7.78868530475 -1.00621719387
0 0.521106905369 0.592876265293 -3.75271542177
0 0.113379568286 -1.88178288601 0.724483414908
0 -1.44597641943 7.85633693142 2.69835078808
0 2.92808060571 -3.07102076026 0.834235381546
0 -1.68457754825 -0.711318501602 -0.408893411928
0 -2.35595895304 1.63283651915 -0.997396887659
1 5.39424899373 -4.3312167045 4.40694355215
1 -0.713074784966 0.463834046187 -2.01508974647
1 1.14648654904 -1.12133817689 3.03071044722
0 -4.46507496378 0.893576310324 -2.95248539892
0 0.649801201554 0.581670707762 2.37478550985
1 3.99855193695 -0.433597576471 1.187267945
0 -2.09109260671 0.0265213353701 3.96282014528
0 -1.88486129092 1.0176539754 -4.75449563909
0 -1.42899085848 1.15104512551 -2.10905865814
0 2.26515225852 2.6904881819 -1.25774785397
0 -0.791898454305 2.73647431434 1.57603786358
1 -0.411330451353 0.0676652382188 -0.516337525703
1 -0.0977900957274 -0.851014600182 -2.66865146154
1 -0.313117060989 0.357227529927 0.39787169015
0 -2.42443164477 -0.559143367746 1.37095561667
1 -0.359586501971 -2.38775989569 0.519915658431
0 -0.0329476171669 -1.83248673466 0.13435477906
0 0.00671235804274 0.749556349397 0.124732080112
0 0.795550921184 -1.2343230724 2.68520011931
1 -1.21856144686 1.34707941496 -1.60173892192
0 -0.162335179737 -0.256495172351 4.27751094967
0 -2.73339449986 1.82239714801 -3.72696481695
1 0.509949146242 -2.00939464176 -4.06583687295
0 3.42305037503 -1.63857966198 -3.09135113804
1 0.0359524101132 1.05075339454 0.848740314083
1 -0.596936211822 0.189894114651 -1.94099266409
0 -0.188493449074 -3.43335383742 -0.563398057662
0 -0.564789479392 -3.01694853307 2.03687379632
1 3.66753153215 -2.23222080282 6.12879978758
1 1.7107229188 0.557917185232 4.54079271178
0 -1.39815841296 -0.107118150763 0.859046988321
1 -1.46025954776 -0.597340223637 -2.42394428557
1 4.6134122769 -2.87563539503 5.80898579415
1 1.68873035953 5.53891497266 2.42921493128
1 2.59581090955 -2.45383930605 1.59993262732
0 5.18480835675 -0.484004007401 0.163804803243
1 -0.506821009485 -0.207826992383 -2.38471828847
1 0.516175472313 0.998979889475 -0.920873160339
0 1.79467115124 0.623820567296 7.79552185325
1 -1.52339983438 -2.03364687275 1.37301349962
0 -0.821791938454 -2.58736834066 -0.399365804286
1 -1.50867649799 -2.78540121156 2.63717041705
1 -2.15184733284 0.373560594169 1.3289458353
0 -0.128798900883 0.453640596097 1.23371688129
1 3.50926534395 2.36609333686 4.59521615035
1 -4.58864787712 -1.09248501804 -2.01928507656
1 3.91154518846 0.37893314806 7.99065918275
1 4.80252852591 3.93725854569 -2.54726879305
0 4.51878433109 0.0901278456873 4.62975704746
0 0.822522057573 0.623161085577 -2.40056691365
0 -1.14579877159 -0.0145367192286 0.22685382301
1 -2.14624435616 -0.0680618552137 -2.75382506073
0 1.19256089086 0.367130940594 2.14311199419
1 0.781918384121 -10.8432593983 -5.07451855551
0 1.60908519147 -0.75095305736 -1.29378438467
0 -0.346286814316 4.97359735307 -4.01951417855
0 -1.8532777208 0.610220682995 -1.56449086249
0 -0.690567434626 2.2711714536 -0.67875514011
1 -3.75635718608 0.720133756986 1.52710262574
0 0.708308595509 3.16599475658 -2.162449794
0 1.47033454823 0.00938890287529 -1.27130124371
0 0.283504659608 0.911866276236 2.61060853961
1 0.296512636944 1.29609147947 1.84286777021
0 0.133077363079 -2.86465099848 -5.91517279783
0 1.71012225053 0.67621889368 -1.22437095188
0 -2.10090029369 2.35146053994 -1.04648030039
1 -3.51151311723 1.55718895323 2.21345228141
1 0.0122234738047 0.249921293571 -3.0668148825
1 -0.881525735098 -0.287356996651 -3.93352923099
1 4.12311684589 -1.43540453118 -3.49867037295
1 1.29060048544 -0.730193565364 -1.1796005431
0 2.26014536811 -1.6788141271 -1.39739069413
0 -1.18186279025 -0.256844073214 -2.21298356488
1 -0.125576199143 -0.454808004349 3.36826884729
0 0.464393689507 -0.0510719466969 -1.07213844492
1 -0.485536009338 0.714290280662 2.85593519503
0 -0.128162614283 1.98135743561 2.52735214807
1 -2.65858149106 -1.41418134242 -5.33801030637
0 -0.00565813942286 -0.877008371405 -0.526696501733
1 1.78832403003 -5.69918768847 4.48942986701
0 2.43135382266 0.864434004109 2.70181401966
0 3.08166591256 -3.17295630758 1.16601057243
1 -1.26889368414 -3.79994689343 -0.730402442746
0 -1.9815397452 -1.19323777905 0.614987776574
1 -1.09051353114 -0.161309046465 -2.1754114441
1 1.75605181792 -0.31293733925 -4.37430706632
0 -2.54775695165 1.40190138185 2.21603604733
0 -1.7493160776 -3.04821479141 -1.66240257951
1 0.953874883381 -0.384425680374 2.86510645645
1 -1.4803465526 -0.472245783875 -4.08497552794
1 0.669708395168 -0.595380664134 -0.310908145656
0 -1.1329671279 -2.03277106294 1.21137004893
0 1.66826554809 -0.487321637566 1.36313548319
1 -1.96254522955 1.36229282175 0.948909494794
1 -0.758952370626 -2.11522160239 2.26141608589
1 0.0882989582248 1.96427188151 0.803501007072
0 0.733117316621 -0.696802931529 -1.69837411069
1 0.264432383164 -3.01296954366 -1.1617698587
1 0.367410892493 7.36246213005 -2.22288223485
0 -1.16994320886 -0.466010723814 -1.45957760945
0 0.985485839293 -0.322724693229 1.1665005044
1 -1.43932491759 2.75645833722 7.30862223445
0 -1.86676988006 -0.555613095061 1.27150390295
0 2.57443532848 -0.281736878682 -1.32916214426
1 -1.85336253846 -1.52902332177 4.27646669583
0 3.85888768046 3.32737789372 -0.315875279657
1 -0.0952195982691 -0.248152666293 -2.99295906843
1 1.31762346762 -0.393814491879 -5.26650442529
0 -4.74735582392 -1.97310793194 0.475268117594
1 -2.93340800984 -1.50876978861 1.93668119188
1 -1.96080241255 2.95508047866 -6.51742456956
1 -1.3499637829 -1.61165430914 -3.15622172767
1 0.417835177812 0.462167342948 -6.1309470773
1 -0.380653927775 0.607714127464 2.03086846871
0 -1.42754639352 -2.11721872308 -0.290763205376
1 -0.989609584058 -2.56692069952 0.340221466795
1 2.80679746723 -2.13084531077 -0.498010529075
0 0.349316896027 -1.80792726734 -3.14074177255
0 -2.51395329421 6.59928344207 -2.62001133869
1 -0.0957991991842 -0.533077154729 -0.876872868273
0 -2.07014535795 -1.25445999441 -0.866775598963
0 6.20852847108 -1.49530608209 2.02112407179
1 2.89542021646 -1.59246286796 -0.719624845498
1 0.315558138268 -2.57930677084 4.67675585752
0 0.053830929064 -1.02214743136 2.34466765778
1 3.70584204011 6.41170316848 -4.539948654
1 0.553689698583 -2.09156141838 -0.777437307974
0 -0.0286780984874 -2.30744906901 0.468710035702
1 1.88521812623 -5.72033729739 -3.35153318816
0 1.02897574662 -2.3634402961 2.68621461622
1 0.71654654359 -0.119632929134 1.10476077477
1 -0.187254821453 0.509835501304 4.5545443734
1 -1.8224775736 -0.465451224335 2.44969850694
0 0.318597592501 -2.05105969241 -2.02949083573
0 -1.34522004464 0.698339923568 4.16919178361
0 4.23744862815 -2.08834102331 -1.42334535251
0 2.96548490655 -4.80405138235 -4.99917738494
0 -0.926363890251 -0.0443125627291 -2.84261860092
0 -0.0882752821714 1.6697860531 -2.22029649496
1 -0.508202030691 -1.19151194547 -4.01564167729
1 -1.70517011405 -3.28835950148 -9.63722595637
1 -0.0183750252243 1.81744914083 -0.849429569821
0 -1.0055625134 4.28882413911 -1.26021753927
1 -0.293569225364 2.24833238902 -0.577203902124
0 -5.85439807824 -2.21037495439 0.684582794034
0 2.22869076767 1.52647322379 -1.20169365846
1 1.02987574227 -0.6035041883 0.124603336109
0 -3.14488518234 -0.672543479987 -3.1977622892
1 -0.470922473499 -0.530140475735 0.117060566572
0 1.40969696829 4.21998938653 3.94306863696
0 -1.25682807614 2.01442179967 3.49078379631
0 3.44050796237 -1.15223221005 -1.30975306262
1 1.07706947191 -0.221160955033 -1.1691534941
0 -1.22356256303 0.967529807813 -2.36078778518
1 -2.59068937602 0.645986421094 -1.60355566093
1 2.75676872556 -0.616029398949 -0.89385817597
0 -2.9769979851 -1.47198058793 0.0905580999428
0 -6.49415036474 1.80688518638 0.58680643267
1 -4.65034747537 -3.08635753897 0.318098954409
0 1.88504843174 -0.332853487949 -1.23202472689
0 -0.30263400808 3.41071029147 0.974667902317
0 -0.50503196909 1.75775912261 -2.84494768164
1 -1.42814215386 -0.425473048186 1.62532227298
1 -0.513352399275 1.52545095345 2.73252145843
0 0.0471479123151 -4.61088458171 -2.64646812939
1 0.81588181331 1.92477907828 -3.91980442776
0 1.37291520422 -2.3236925757 -2.51611405421
1 -0.856561452224 -5.59370365122 0.136895937464
0 1.82178118344 5.44037574771 0.647599412108
0 -0.365969517578 -1.27294412989 -0.0374555160826
1 0.896766918773 -4.92131900853 -4.7044357554
1 2.10814771976 2.68591687892 -3.03730323361
0 -3.84374929168 -6.5132279582 0.907839591818
0 5.17717419133 0.412554768545 -1.49083259361
1 1.0036374992 -2.71573339978 3.1431852739
1 1.07188209857 3.21775173027 0.87296731141
1 2.67191597235 -0.565326979064 -1.04279300149
1 -2.01767402332 2.78256735007 -3.30652514103
0 -2.23895987761 0.487367498438 2.01613968677
0 -5.61603020696 -1.34886924014 2.13907616006
1 -1.36664568722 -1.6801980161 -2.27891821767
0 3.69404967119 1.9543299472 -1.15918066697
1 -0.14871501346 0.60832435598 -2.96396286533
1 0.0952913554481 0.0985740589055 -0.00699845386683
0 2.09850756077 -0.954946097683 1.26955913286
0 2.65926430292 3.67778563768 4.16575100553
1 1.38042983745 0.830906842702 0.77236873911
1 -0.621341700036 -0.374223175461 2.84344122262
1 0.540285592041 1.60838591215 -5.2848166329
1 1.15318315805 -1.26467724535 -1.35648932827
0 0.553871161 -0.555675643057 -1.6962130773
0 -5.06642696559 7.49711582066 -0.70222381622
0 -4.21656232127 -0.0934237585646 -2.97438312208
1 -0.607771238731 0.888203049511 -2.13632548088
0 1.71859111465 0.20351197228 1.9580293571
0 -2.20048625549 1.8893298308 6.24864719936
0 0.902526529869 0.907855757113 0.0371373819521
1 -1.90509743209 1.10534909531 -1.40802144336
1 1.906590683 -7.0998081899 0.408106715592
