1 0.301995257083 -0.00347010768622 -1.26655244433
0 0.0243571021047 -0.127223940042 0.947441504087
0 -0.778411620101 0.304273078603 1.13524349917
0 -1.7604953628 0.941151474724 1.03357600622
1 -2.31417769054 -0.234042683221 -1.42592531125
1 -0.094613748085 -0.852543101787 1.05136353007
0 0.498673644909 -0.0483448843785 -0.737082860117
0 -0.278113972688 -1.07112182618 -0.39460399394
1 -0.238911164399 0.134973855146 -0.801416717557
1 0.181770223402 -0.145455100298 0.953860212271
0 -1.08718500313 0.462937883991 1.06747642821
1 0.204704871544 0.140848716078 0.312189588235
0 1.03322324983 -0.325010670679 -0.247181091676
0 -1.08602025738 0.905697122393 0.109915809801
0 -1.07897189731 0.029943855987 -0.836197503285
0 -2.50001129666 0.119268999049 0.26749600719
0 0.977940059329 0.689982234262 -0.788974186783
0 1.08424349722 0.414635603301 -0.369996850145
1 1.23653821165 -0.721124570197 0.0616188096692
1 -0.38976472946 -0.486538290385 1.09766950198
1 0.158935718863 0.0911676983204 0.954069895912
0 -0.805535870252 -0.970712613493 -0.853269174793
0 0.0603707603257 -0.0708350480702 -1.12396565678
0 0.548429863567 -0.508694411442 1.3597858362
0 1.08075259364 0.400151601201 1.32827417993
1 0.705153829559 -0.532271571916 1.15648285127
1 -0.367975084988 -0.389962955954 1.1280947935
1 1.09901290074 1.39512842817 1.47580055878
0 -0.37945885543 -0.154837287645 0.961491092957
0 -0.834890246017 -1.12063341629 1.7695068586
1 0.885273803061 -0.461165029379 0.132440670179
0 -0.333790445663 -0.666666821598 -1.38415838419
0 0.287543178528 -0.127477660648 0.41130229892
1 1.67450267685 -0.69649138164 1.55334928006
0 -0.54151843692 -1.59396033212 0.467609331754
1 -0.69536074575 -1.36403989267 0.506082862499
0 -1.08949089307 -1.40227616876 1.18978571417
1 0.564636409064 -2.01353128651 1.22364785582
0 -1.19059941038 0.410638924902 0.048480113317
0 0.905026375389 -0.964219738989 -0.074980575897
0 0.331911825045 -0.207275231146 -0.256093623957
0 -1.17467528598 1.41911528303 -1.89855179719
0 -0.635335288788 -0.451877618787 -0.802609163058
1 -0.23955973498 -0.271133266765 1.54598925372
0 0.263889138855 -1.63999906105 -0.0886206889914
0 0.538365137791 -0.213203427831 1.73648360057
0 -1.54332044333 1.11169670671 -1.24087752208
0 -0.38896050872 2.23348482718 -1.57937354602
1 0.784421091222 0.738633005395 -1.12240705626
1 1.02325083554 -0.355852735983 -0.703205045511
0 -0.598535465647 -0.0235895463483 -0.0400399654489
1 0.521333548761 -0.177065466742 -0.0052102210593
1 0.415368317029 0.0243030289012 -0.386185932901
0 -0.0711681781461 -0.752474327096 3.0293905467
1 1.21545406099 0.350462805045 -0.00541577379602
1 0.111777205938 0.287027172613 0.982512576977
1 -1.01064571324 0.200786065393 0.0975184513053
0 0.0596333773272 -1.21758646989 2.03271884418
1 0.31894288901 0.757868201434 0.681685942826
0 1.11179935123 0.171657988986 -0.24375948029
1 0.207627634299 -0.337722442308 0.7123575477
1 0.92190254295 0.316947097872 0.71692726174
1 -0.146830481499 0.31377833149 -0.984249504733
0 -0.245424750343 -1.18065654725 -1.81387045218
1 0.0176318302024 0.0180306873838 0.817419704423
1 0.688840947876 -0.455422934026 -0.538194672965
1 -0.113706274204 -0.716386029101 0.877574761993
1 -0.420071870884 -0.469586128458 1.14794925553
1 0.0933574992236 -0.501482862797 0.224904426046
1 -0.284444174164 -0.262721846997 -0.180791561303
0 1.25551008765 0.509760000409 0.310313216944
1 0.925703999921 0.220036377082 -0.621640066604
0 -0.276326098407 -0.331171609812 0.406486817311
1 0.660130178254 0.529441111814 -0.437744617981
0 0.220916901359 -1.23534293277 -0.964215690695
0 0.315932258253 -0.0642615380071 0.881495024427
1 -0.671203773976 1.92607704727 0.872778492157
0 0.970070425039 -0.20900787739 -1.03382260006
0 -0.151508385801 -1.18873760908 0.892445878072
0 0.735077401993 -0.791543984955 0.754103896194
1 0.590432117585 -0.0032074011429 0.78263063485
0 3.24223530665 1.78895012203 -0.763287276382
0 0.507135282379 -0.231160658167 0.0343741749515
1 0.408765014135 0.780815860613 -0.508255260309
1 1.29160160366 -1.33767529785 -0.779755576095
1 -0.159130044758 -0.699120183563 -0.937958028299
1 -0.0106486631518 -0.437088588221 -0.512836969511
0 1.13988284185 0.296188050601 -0.0159868101833
0 -0.183352153596 0.875975042691 1.92531771154
1 -0.206120418659 -0.205676827087 0.997036527562
0 0.158012166189 -0.495046856869 1.18385654932
0 0.622242084367 0.661771181601 -0.290965220921
1 0.144567307078 0.332990776932 -1.39544272678
0 -0.0186164915301 0.905560023556 0.477215918294
1 -0.965326097045 -0.597033286065 -0.527867210531
1 0.10859747428 0.189736477414 -1.0608392254
0 0.612698810757 -0.469193270602 -1.20382755285
1 -0.097209774103 0.551937945523 0.227619742853
1 -1.0803133324 0.499105457683 -0.682288843672
1 -0.382972391408 0.336602813132 0.662308896094
0 0.513931141151 0.504615233461 0.605310030115
0 -0.252781171191 -0.518304080505 -0.879861242744
1 0.389569953713 1.59466430542 0.866495625692
0 0.371900085066 1.3078744702 0.415105240037
1 -0.071254107207 0.241079576182 0.892630449848
1 0.584771585315 -1.40411619206 1.52538548818
1 0.503831437457 -0.785348231629 0.649526602615
1 0.506806779649 0.705953413144 1.36628183426
1 -0.0976816651101 -0.817258559563 -1.75423116036
0 0.413028942381 0.0282067198064 -0.379342120258
0 -1.02818033257 -1.04527402419 -1.32706608408
1 1.23569337522 -0.603992278179 0.192185080003
0 0.248366133092 -0.924487071379 -2.84128704655
0 -1.14601966811 -1.30033387629 -0.989328934029
1 2.20650334046 -2.31917485923 -0.169277954528
0 0.125284523193 0.375404383528 -0.145574966056
1 0.510534856944 0.16822965327 -0.886636776374
0 0.414043261226 -0.415792010605 -1.53942978404
1 0.915881015107 0.742331230815 1.7784659635
0 1.19610101974 -0.16750155276 0.511280163892
1 -0.520916242494 -0.486513583828 -0.940235104958
0 0.50711668885 -1.00184178603 0.437156824617
1 0.3020705074 -1.07380027133 0.671004149744
1 -0.0979896073079 -0.0348495395734 -1.0453529133
0 -0.516693900533 -0.123359389237 0.966042826153
1 -0.530794015816 -0.625446513812 -0.390194968726
1 -0.012296274134 -0.563318409021 -0.801100658949
0 0.533036771342 -0.634213933748 -0.066784165923
1 0.74011433066 1.74245331384 -0.673848687586
1 -0.562948068077 1.53062838592 0.911946065534
0 0.495201816804 -0.459352344429 -1.53479797496
1 -0.636213393763 -0.167625395792 0.464583170716
1 1.06349969696 -0.86598956749 0.339966932121
0 0.839507445063 -0.618168345192 0.111396540113
0 -0.122455379387 -0.265858708359 -0.957288835517
1 -0.270229363876 -0.471092645399 1.51899247141
1 0.349669558138 0.52069198083 1.05558640438
1 0.567413534962 0.3066365301 -1.11306021991
1 -0.495777613451 -0.861923489378 -1.49199185732
1 0.97959445944 -1.13412149181 -0.641212177616
0 0.269951431053 -1.0632262575 -0.270271572984
0 0.142807355065 0.409728142501 -0.633221099488
1 0.51261083546 -1.15553431326 -0.220847269918
0 1.55378328967 1.22859245657 -0.275181540755
1 -0.384065468709 -0.290369915672 0.847458203544
1 -0.512288291224 -0.206984611799 0.957786155577
1 1.13127385598 -0.374710311504 -0.511812625031
0 0.202458970922 0.09323583434 -0.208602079099
1 -1.56172086186 -1.17334928626 -0.0170706241229
1 -0.390276687312 -0.191421365097 1.3342907492
0 -0.943943026811 0.863232004282 0.818493827653
1 1.12097128294 -0.688516209764 -0.169292491634
0 0.212364187785 0.0131613389341 1.01937256573
0 -0.511766184716 -0.799379387505 -0.619226265998
1 1.19393162813 1.05169757304 -0.0818092803615
0 -0.771478546419 0.692171952765 0.517376883518
1 1.02320992748 -0.53284202674 0.566347528618
0 -0.959097757745 -0.470866331961 0.890914146043
0 -0.506029788778 -0.335576851874 0.220782084475
1 -0.525067669188 0.0338538138979 -0.0510397264667
0 -1.04659286574 -1.08721375003 -0.950563560766
0 -0.244659952594 -0.250213897433 -1.06297883633
0 0.0811534066313 -0.100286444447 0.0278054983091
0 0.8057042886 0.556579877265 -0.876407940817
1 -0.945409524425 -0.142154327896 0.246236485494
1 0.747038766111 -0.689729277794 3.56706529026
1 -1.87914043315 1.23187592065 -0.23436489627
1 -1.0415862704 -0.43606394898 1.29410764889
1 -1.50583334002 -1.35304063321 0.429416132337
0 -1.41599774474 0.860116259197 1.40760890734
0 -0.928936645548 -0.22260306475 -1.97117355323
1 -1.66825429802 0.285472493607 0.244376340436
1 -0.0530828059393 1.03422381661 -0.124483320902
1 -0.448778985712 0.898436504886 -1.145963888
1 0.717488871827 0.357611704292 -0.43956245386
0 1.26767109309 -1.16098646595 -0.478068483658
1 -0.0990124296939 0.0023943947745 0.231910235385
1 0.368417614792 1.66495244925 -0.233883900849
1 0.298975558272 0.724714433449 0.843430590331
1 -0.49048655873 0.332913031485 -0.58594260445
0 -0.905430135575 -1.29959215962 -0.0688758226448
1 -0.0444595558123 0.0898022772894 1.29513597146
0 -0.889720579691 -0.475094617062 0.246509846269
1 -0.849222003035 0.100011258491 -0.117991311304
0 0.0173147339169 0.781908505353 -1.11594198425
0 0.314345877391 -1.48362155628 0.304658572011
0 0.179698848301 -0.949125836853 -0.885192136667
1 0.695969629323 -0.3929030925 -0.162838416836
1 0.868589535762 -1.35646318859 -1.90690541768
0 -0.855034700895 -0.587977034742 0.600925861482
1 1.05518295215 1.20560494246 -0.208569929509
1 -0.230549655854 -1.1073979282 -0.238742960225
0 0.605302686423 -0.688690506688 0.549273187645
0 -0.452425130289 1.61454313742 -0.450949445563
1 0.0671931626493 -0.155061395061 0.896669348622
0 0.54335008006 -0.205920275395 -0.769056442491
1 0.654387566768 -0.513421700547 1.89600005173
0 0.279932968735 0.0601043335197 2.91091776989
0 -1.17963368549 1.90782429451 0.268101181021
0 -0.0548747492629 -0.160475627612 -1.22879818149
0 0.325879172518 -1.30190867115 0.577121956497
0 1.16779657587 -0.833191401506 -1.50734624571
1 1.88608272789 -0.333319171311 -2.22622013499
0 0.748231352593 -0.441474355115 0.0340956468651
1 1.46837932932 -0.772709999518 1.24448006194
0 -0.855044406419 -0.404103454381 -0.877396075425
1 -0.486596253039 -0.229891512967 0.944311843313
1 0.891128074488 1.17228662802 0.219953642918
0 -0.653991637116 0.282823039768 -0.81020391241
0 -0.206319525324 -0.503831792652 -1.88311799267
1 -0.694229276455 -0.0734154681301 -0.910143561969
0 0.60578508225 0.120501472304 -0.313904858783
0 0.0932116377191 -0.947166682772 -1.40354438833
1 -1.27566249483 0.180725212618 0.026184598031
1 -0.434639747324 0.0646371987186 0.455612769446
0 -0.275986911931 0.574732662523 -0.0884162086722
0 0.113270674114 -0.25182309088 -1.50312930429
0 0.683054058581 -0.370980359721 -0.435622825359
0 0.0905126870624 -0.173255244824 0.520586387013
1 0.000437334767428 -0.558258625419 0.80397427269
0 -0.257887057419 -0.576101136309 -0.401513091983
1 -0.678538307148 0.84390459583 -0.76907676405
0 -0.828211872264 -0.437922300671 0.962507837229
0 1.07482300228 -0.267179553957 -0.491385845601
1 0.0194424902454 -0.849445046744 1.11750081189
0 -0.925209238752 0.304139914417 -0.574362457986
1 -0.671428380952 0.07401932087 -0.71942118612
0 -0.565246676552 -0.029290548794 0.867836196027
0 -1.06227994239 0.770801738138 0.173852284736
1 1.13669630423 0.283983426455 0.96709239747
0 -0.855306112341 -1.21597504269 -0.479546673454
0 0.611881325326 -0.414134316507 -1.27593599345
1 0.977032160375 -1.02378502451 -1.49292300947
0 0.413760177714 0.690266738292 -1.15181135126
0 1.11600343016 0.8867531185 -0.19451513089
0 -0.381554503782 -0.0369338200625 1.33157163511
1 0.622333592534 0.144601315885 -0.160793631804
1 -0.182815397461 0.174209482638 0.83250778902
0 -0.109298528049 0.105208973948 -0.618278477197
1 -1.84373553056 -0.310062468362 0.362833219301
1 -1.14861229733 0.462903628707 0.0259052588333
1 -0.238779207118 0.0688555737809 -1.11943072234
1 -1.01472707148 -0.372400178816 -1.14051928213
1 0.516183736716 -0.202637317154 -0.732229694703
0 -0.520062848262 -0.205529920457 0.710410661776
1 -0.685316975442 1.72357329821 1.43157362746
1 -0.714091084558 0.985575219887 -1.0969177535
0 -0.209612823002 0.161300357693 -0.885038992057
1 0.449740586154 1.06910907763 1.01368538129
1 -0.302502537393 0.301203451007 -0.187713333746
0 -0.50293661223 0.519173092196 -0.679529954695
1 1.10863501694 -0.614200417783 0.738035277613
0 -1.74346172902 1.57415214133 -0.896557962026
1 1.1304127209 0.604992690365 0.351822668179
1 0.716920769994 0.256635390203 0.568756207098
0 0.751760438886 0.00262369603688 1.5172153087
0 0.366650645898 -1.63566212603 0.24982247476
0 0.0292363841738 -1.04833414123 0.352845660508
1 0.40305586698 -0.0937715373975 -0.825024107691
1 0.380253294921 -0.659537037741 -1.74722958623
0 0.679375092499 0.183172673529 -0.127060908663
0 0.00029413561739 -0.22995139902 -0.206655174445
1 -0.0685063748277 -0.350650706757 0.964393068992
0 0.192792185686 -0.808939606633 0.460721128563
0 -0.0786674114702 1.37182869305 1.11699892716
0 -1.4539298985 1.52576161889 1.42512445816
1 0.726312418558 0.963044763803 1.49557222569
0 0.26798949078 2.1469231555 0.069265844193
0 -1.1547623354 0.531771173825 -1.51371566384
1 1.32458576798 1.00664157777 0.979129166381
0 0.291493382613 0.0973708326818 0.771009729244
0 -0.318367895829 -0.541567585154 -0.866959444054
1 0.707893155727 -0.53494908119 0.860231865429
1 -0.129528006818 -0.531818235958 -0.832525667783
1 -0.394677964443 -0.543455356302 -0.243858809768
0 -0.404125490493 -0.178387850856 1.36042302271
0 -1.39191146105 -0.00448566786515 1.32142920572
1 -0.921071625857 -1.93044920798 -1.75481661599
0 -0.414781842791 0.55057219459 -0.93251489728
1 -0.766865981316 0.345006570668 0.27731594645
0 0.866757307768 -0.461256807893 -0.747998889095
1 0.174157961063 -1.38712940456 0.0506118118047
1 0.965826343289 -0.901338733131 2.69886372875
1 1.56659235588 -1.60074161375 0.478214594708
1 -0.496651927838 0.440474777712 0.62905675586
1 -0.552790583358 0.214186125141 0.562371833756
0 0.990554067423 -1.35842632035 0.948857607447
1 1.41889714237 -0.646518301829 2.23701057778
1 0.593464935301 -0.328551149148 0.93121036358
0 0.0707064941433 -0.729397435225 -0.178803414852
1 0.118378733693 -2.49960940147 -1.3512330416
0 -0.203733342522 -0.224241787817 -0.714275029254
0 -0.353185893266 0.0936976351299 1.364677597
1 -1.08466562689 -0.86040296473 -0.50739564664
1 -0.293233037026 0.0622817617262 0.795380889051
0 0.161444908967 0.185347804888 -0.825346695721
0 -0.275181460412 1.24147849151 0.0561611034885
1 -1.61735380194 -0.147706647673 1.63805065411
0 -0.460650508578 -0.0822823974486 2.38554049823
0 0.665298183267 0.590736486561 -0.692464073491
1 0.531072856215 0.242552873002 -1.4355189699
1 1.20466921213 0.0200435821649 0.119176274465
0 -1.11080563306 -1.14298428552 -0.208932845479
1 -0.628505221275 0.264665106584 0.351456804509
0 0.430922636058 0.398535582437 0.570441402643
0 -0.139974515323 -0.672601804844 -0.524582499162
0 -2.91811655116 -1.96840963329 -0.728295448104
1 0.593520941878 0.509931590714 0.401571916372
1 -1.10901670666 0.533319225882 -0.190644722399
0 -1.18932439943 -0.0743245446561 1.30542738106
0 -0.279583828605 -0.216617073123 -0.832760792265
0 -0.0259779655792 0.239455863651 0.49276417448
0 -0.271908400665 -0.90071987423 0.424761417102
0 -0.0978761441989 -0.839422880099 0.884427591132
1 -0.904811668552 -0.642354858859 0.678129097877
1 0.311079053508 1.0530344406 -0.207159994608
1 0.224081394088 -0.464535551346 -0.370742494959
0 1.2791908991 -1.1740406274 -1.15202675322
0 0.586673988694 0.797640592423 -0.928910857795
0 -0.0181710340098 -0.76321706679 0.969970651787
0 -0.298093789866 -0.533588564727 -1.03037233341
0 -0.470205113381 0.627217629675 0.738649163094
0 -0.540998842565 0.125118867284 -1.60328154544
0 -0.620219345985 0.92291574493 0.456832164152
0 0.69753418361 -1.19121958399 0.274836367256
1 0.63549461625 -0.0492662826431 -0.624873059407
0 -0.417511654738 -0.948793988394 0.681154734152
0 0.00235058818527 1.24985742563 -0.170365046806
0 1.13421218435 -1.5466361805 -0.543353738752
0 -0.956082928913 -0.0923998533461 -1.56153170417
1 -1.38055551817 -0.315567971595 1.15813888882
1 0.419489999112 0.811414822475 -2.19005320149
1 -1.87093898979 -0.768477417729 -0.756810297577
0 -1.60016397297 -2.01524067216 1.0409170987
1 -0.384554797011 0.207310520017 0.173981977455
1 -1.58072299834 -1.40028421821 -2.03618147069
0 0.0184886855357 -2.03193329951 1.39525394087
0 -1.30778491765 -0.147383008012 -0.728770073198
1 -0.443204379958 0.850636632232 0.131629020337
1 0.377232890734 -1.05337195718 -0.283756386794
0 -0.527969271367 -0.526895314435 0.11938358562
0 -1.20482609317 0.0871668822864 -0.319245872629
1 0.589931258422 -0.243745643223 0.748328303366
0 -0.386971304797 -0.841996614337 0.376075672583
1 0.252045635175 0.552137102859 -2.83322950441
0 -0.454812557934 0.212069932653 -1.66307674676
1 -0.634922338312 -0.665777372611 0.24933094114
0 -0.303627183243 0.302598116874 0.76282909173
0 0.478426483233 -2.28127027569 -0.421270366229
0 0.93167551216 1.02277945731 -0.0132456983051
0 0.0851028631576 -0.907232527961 0.376390540686
0 0.11752392073 1.63031853203 -0.352389551491
1 0.790717976033 0.107397093411 -0.450876916617
0 0.963984548371 -0.306000075252 0.484159713273
0 0.990547781873 1.62127253649 -0.082425913313
0 1.03419948228 1.331410893 -0.978331613035
1 0.0121284641475 -0.214881021163 -1.21458733393
1 -0.44125338432 -0.242599078267 0.747301085314
0 0.22463290434 -0.28752347963 0.193490084163
1 -0.623784340182 -0.539428316431 -0.7708047391
1 0.868303937169 0.846906715815 -0.683288681602
1 -0.494515428662 0.852274371939 -1.70523577071
0 0.587574394512 0.445716324105 -1.58313220462
0 0.195878128553 -1.21114837511 -0.651404724352
0 0.326110469325 -0.648258505308 1.69404395273
1 -1.31202624058 -0.981389051069 -1.32530218813
1 0.178607025301 -1.78531884719 -2.02922879391
0 -0.33948763857 0.589050265127 -0.246528830235
1 -0.677650386386 0.314989224786 0.805523280183
1 -1.33071864406 -0.133745580156 0.0466659278927
1 0.343270241852 -0.746033750078 -2.61665938714
1 1.18630646461 1.08756622261 0.144112498134
0 0.061239107432 0.0501778651649 0.933461368688
1 0.608212519923 -0.0551141703377 -0.646420091982
0 0.256177911634 0.51841580697 -0.82084987839
1 -0.382407056136 0.649163072283 0.446766594765
1 -0.77144600959 1.15624843379 0.496601467335
1 -0.130839155764 -0.552615779717 -1.04121274028
0 -1.05340642214 -0.0680101460747 0.854153767683
0 -0.36098325427 0.0897785821254 -1.35693806805
0 -0.0350480240056 0.0712315832824 1.84246512854
0 -0.150006789221 0.175159870171 0.606073500538
1 0.275173033202 0.159298120632 -1.12159953767
1 -0.900578958701 0.0594076115737 -0.690365598406
0 0.58561347331 0.36399716431 0.760531078675
1 -0.214000695827 -0.283671717498 -0.479344829378
1 -1.38678753946 -1.25455982597 -1.15576424656
1 -0.657824118082 0.151580766471 -0.658494796648
1 -0.676979062876 0.467534568228 1.7435486744
1 -0.779388472724 0.338454018533 1.08387061596
0 1.74151080831 -0.809201771452 0.508678336916
0 0.48365386755 0.892458879243 -0.746397410848
1 1.23052447981 0.545619552278 0.0945961431494
1 0.317310479615 0.377932211592 1.9811444379
0 -0.377133812799 0.730054570355 0.223318862166
0 0.590662293524 -1.86083537885 -0.626407230071
0 0.00211359067067 -2.11193725706 -0.905871647933
0 -0.355242808175 0.123035008458 -1.5307477005
0 -0.774247683527 -0.552357685943 -0.132618638349
1 -0.438538705459 -1.15652863945 -0.235222973769
1 -1.82527541265 0.0384850757496 0.926440659264
0 -0.015561663543 -0.161489020212 0.564637783869
0 0.628737168456 -0.183793076685 0.825268810815
0 -0.53520492456 -0.683471217098 0.274620541833
1 -0.182455460517 0.0284390967421 1.84121977887
1 0.376816184165 -0.925896898051 -0.427748959622
1 -0.923598417411 -0.0811289624151 1.54624125522
1 -0.1162166064 1.12516928161 -0.0884797521837
1 -0.867597468284 0.728643141972 -1.18474302457
1 -0.923901162339 -0.0662917825167 -1.04355489633
1 0.345109366391 0.269983045156 0.857544625952
1 -0.122388448777 0.00381010805923 0.954875282311
0 0.616429574616 -0.210783860057 -1.00280127218
0 -0.394460210183 -0.0309847154248 -0.30569282692
0 -0.223209153757 0.483909750661 -0.301050649638
0 -1.3414086468 -0.737272662094 -0.0693014832093
1 0.402918546323 1.03912725181 -1.19701701899
0 -0.318340047814 -0.633229016702 -1.04921908053
1 0.901188081814 -0.99261140722 -0.783958577258
1 1.24605147117 1.33319680263 1.53519137827
1 -0.613949034174 -0.423690995803 -2.41999253331
1 1.46832012936 1.74188843877 1.94376284336
0 -0.971547129729 -1.18038948345 -1.59201368059
0 -0.0121332184972 0.0612165701297 -0.960234512961
1 -0.640736708823 0.0251338111058 0.633194857517
1 -0.138942227219 -1.18173470177 -0.577734288523
0 1.2161588111 1.93660849583 0.0451877471771
1 0.393455250532 0.379309482863 -0.983235448217
0 -0.94268727392 0.889346108856 -0.469994275626
1 1.57246196469 -1.59048887952 0.464351478324
0 1.80858576406 1.41706818724 -0.198865906976
0 -0.0657941354967 -1.45853930927 1.1136997119
0 -0.504254110248 -0.116895851487 -1.75871406685
0 2.15077054946 -1.16405494745 0.751910202196
1 -2.30864945537 -0.368835926877 -0.611925864017
1 0.617983192122 0.908470065453 -2.32956356815
0 -0.0769319140273 0.390250786386 -1.92277827599
0 0.352660785993 0.590689633305 -0.486624716814
1 0.381169210458 -0.105824839074 0.864237836048
0 -0.263687122995 1.67740565138 -0.900340177433
1 1.40957152293 -1.80557628979 0.464819340495
1 1.16661538928 0.878880323531 1.12479720977
0 0.282066667971 0.44993906988 -1.24365419061
0 -0.417269747276 0.262641408234 -0.770562592303
1 0.872651282573 -1.65151608618 -1.6224946952
1 -0.81214401219 1.01295736825 -1.02186232417
1 -0.0185113184773 0.290252839071 1.46620470527
0 -0.303097463355 0.10097715865 -0.905165841627
1 -0.676344914482 -0.0642069755715 -0.208786774077
0 -1.86019928849 1.49176849244 0.745365789072
0 -0.517111024674 0.0520893026757 1.3451243674
0 -0.938422683623 -0.438693486346 -0.724277273
1 1.06231024475 0.12941981996 -1.68553775861
0 -0.527971042308 0.104987510517 -1.90839846788
1 -1.08740877809 0.589454356205 1.30337794633
1 0.535932364218 -0.119321569072 1.3264740559
0 -0.314682122606 -0.785013511119 -0.661025473447
0 -0.0340663202489 0.348568991454 0.0164074839482
1 1.09692989259 -0.319391559206 -0.326207744446
0 0.190785306271 0.547978789292 0.903079422717
1 1.55556359015 -1.48356109881 0.470321845619
1 0.30371872923 -2.03567843934 -0.484337991747
0 1.43641914575 -1.00545115233 1.39373089911
0 -0.147032476475 1.20877080377 1.59363612988
0 0.678099800266 0.0168857966116 -0.0770573351977
0 1.72429157614 1.41545962125 1.75184370157
1 -0.973715266988 0.817334363636 0.269025400941
1 1.70873799499 0.685867320539 1.64049407354
0 -0.0484683752264 -0.126649059948 0.481270979095
1 0.273734775613 -0.376863444871 0.71894001174
0 0.184048194777 -0.291340286039 -0.996961054504
0 -0.298489946513 0.409516634491 0.482533112932
0 0.317950021466 1.26313014775 0.173669114734
1 -1.92136221024 -0.413650399751 1.08577374092
1 -0.220013562188 0.388470986511 -0.718404359588
1 -1.22923714552 -1.00595234806 0.748776234575
0 -1.16611650906 -0.704899467618 -0.929919354885
0 -0.702237853861 0.39138809422 0.0412223245292
1 -0.455940072729 -0.339392181414 -1.04790984285
0 -0.719978756063 -1.32881918486 -1.13447979846
1 0.146242756367 0.507118050962 0.846116493189
1 0.732851116894 0.0638355744936 -0.157542661715
1 -0.0458759256373 -2.04621288261 1.59648850042
1 0.893866139975 0.221487443919 -1.01597593383
0 0.859142859887 -0.505383620233 -1.00220355666
1 -0.0314301751389 -0.328798542949 0.21417757034
1 0.602013892109 0.0297860978035 -0.714402512555
0 -0.566053839528 -0.165959792054 0.805558863185
0 -0.823537792105 -0.631963256275 0.0253453360682
1 -0.640490044786 0.304761166315 0.760958956881
0 -0.614228651287 -0.952148295008 -0.398346388098
1 0.342257075196 1.54263741615 -1.0322247019
0 0.981855565609 -1.4648992052 0.478484561308
0 -0.314525298083 -0.41993026275 -2.03878132262
1 -2.12095005034 -0.227211013315 2.6227928838
1 -0.018413206028 -0.877972691767 0.625868299905
1 0.741684774476 1.29852799799 -1.42802251231
0 -0.804259061382 -0.966713266233 0.367829935435
0 -1.63789483449 0.558307015115 0.649145945609
0 -1.58440556494 0.469461407651 0.62114587814
0 -0.924422409577 -0.0745879324843 0.304512893568
0 -0.0676168877372 -0.812450567875 1.50236709224
0 -1.36998248636 0.299443846307 0.897284300555
1 1.29637111795 0.499957226928 0.897593735274
1 -0.217215862779 0.389143385571 -1.0897215216
0 -0.818068578572 1.12544884442 0.46710790219
1 0.158614404542 -0.595790864401 -0.657600583405
1 -1.587205886 -1.06220046911 0.362815784182
1 -0.448885791062 -0.0773266541058 1.22127274578
1 -2.50371603468 2.80361513097 0.176301747594
1 0.500138156586 -0.900575544387 0.965656007705
1 -1.28089066651 -0.715827998333 0.194205933341
1 -0.789953547095 -0.0485488806003 0.178152894829
1 -0.657002960391 -0.310668106815 -1.08224102709
0 -0.3491576044 -0.363702600165 0.0940887390257
0 0.109234490232 -0.280004356632 -0.983282281834
0 -0.486310188072 0.172370425019 -0.945961400856
0 0.789492670476 0.799179387644 -0.230931754326
1 -0.512060563093 -1.02338847519 0.825385172187
1 0.715558579474 0.105676173163 -0.0795883007728
0 0.465644930547 -0.419788954439 -0.259018397318
1 -0.0945213729417 -0.530781322164 -1.32548965487
0 -1.01683230467 0.632822272752 -0.277442748263
0 -1.10918453254 -1.4501707085 0.222522849204
1 0.751386321329 -1.20004733315 -1.93891928784
0 -0.946102989906 -1.15597469009 -0.387495171714
1 0.207101075048 -0.211401837747 -0.605556496564
0 -0.551286878116 0.309795679903 0.438167651968
0 0.686412114346 0.154385151727 -0.088790569042
1 -0.293735186622 -1.17517795635 1.14415355403
0 0.940026237926 0.30310413139 -1.79564636572
1 0.0184351675522 -0.00222304537509 1.19218619337
1 0.127772445593 -0.592447080919 0.998535956042
0 1.41562564957 -1.16630628312 1.0968813799
1 -0.273852736458 -0.977140599172 -0.993225546185
1 0.717973223565 1.8599264973 -0.413001749886
1 -1.62796734037 1.50090035835 1.23279246407
1 -0.240207726022 -0.384994311142 -1.91382804224
1 0.861387656513 -0.434912480587 0.485954806749
1 -0.266768459395 -0.653989636261 -0.879204088092
1 -0.783397918731 0.78333464161 0.316326854239
0 0.367392733874 0.239868616554 0.187000783787
0 1.0995472672 0.920520941749 -1.34458043381
1 -1.24282233669 1.29306829991 -0.130044809389
0 0.924464764699 2.27764404539 1.10089501258
0 0.346042998744 0.448590917808 0.504290613745
1 0.769624784468 -1.23856382651 0.745311586786
1 -0.854656353458 -0.608874653176 -0.14275797331
0 0.191479398535 -0.757635560243 0.687774328541
0 -0.771559008728 -0.709960764912 0.721825227826
1 0.0164582334297 -0.222795781731 -0.0235316923952
1 -0.808724033338 0.659191720912 -0.139700529745
0 -0.602045252079 -0.827327808622 1.19146225948
1 -0.513013729269 -0.776966366989 0.774414239005
0 -0.716194308382 2.1132893111 1.07033230181
1 0.692986932463 -0.0791966627648 0.941560147933
1 -0.348645784213 -0.151006702636 0.817196587603
1 0.909332441534 -0.890112568591 0.493543318068
0 1.32524924456 1.42140735611 0.684356700978
0 -0.728565823794 1.01793976572 0.121830940215
1 -1.2826548385 0.196493434127 0.347391068762
0 0.270571357308 0.707630473313 -1.25985991573
1 -0.0819844225116 0.352603007973 1.76357430688
0 -0.832942481599 0.725857221183 -0.941623985433
0 0.541062284133 0.511479709428 -1.06254806126
1 0.849746441256 0.546552415472 -2.13418318457
1 -0.965438403064 -0.419228055744 -0.306691808664
0 -0.230393637117 1.38408602847 -0.953023268703
0 0.327021951834 0.542205584922 -1.07565660936
1 -0.220863713499 -0.97884369115 -0.219182143233
1 -0.206093052733 -0.140797123004 -1.01717459946
0 0.0876826492878 -0.459168599098 1.90384115091
1 -1.14896321436 0.851397313366 -1.21996738061
0 0.685565832164 0.715606492413 0.403260643638
1 0.28343052549 -0.678200093969 -0.201321255293
0 0.755787684108 0.167124622273 -0.655429163418
1 -0.340618594273 0.548401876021 -0.674031105697
0 -1.56603589703 0.0374378796702 -1.07376887835
1 0.385863879934 -1.81732722622 -2.05421920041
1 0.379296230139 1.95311962998 -0.0672764467594
0 1.06734795596 -0.492793832381 0.363611461348
0 0.603779413374 0.147452923448 0.591871482107
1 -1.14415077288 1.13807795409 -0.644604533117
1 -1.19530064357 -1.30014639184 -0.522433560601
0 0.87637922633 0.694110095516 -3.16111783205
1 -1.19594208526 0.664822016225 -2.11358325849
1 0.119541145512 -0.190669409762 -0.35831295355
1 0.702768834422 1.28007899598 -0.871574397444
1 1.09804319664 1.21645153965 1.69975541802
1 -0.736533772324 -0.559822545416 -0.11666429419
0 -0.840790639977 0.151130632226 0.425429723529
1 1.14219723881 1.13616310164 -0.284449309479
1 1.2409324234 0.272418727592 1.60109425608
0 -0.432527797276 0.903041527834 -0.786240636681
1 0.267169692742 -1.25789756676 -2.81373189521
1 -0.762297291491 0.301910671911 0.507556917785
0 0.270849781536 0.886187218024 1.47242839042
1 -0.795126978911 0.32231264149 -0.600931532367
1 -1.11870820239 0.975505778264 1.31073499203
1 0.528422382909 0.441715426784 0.414181278769
0 -0.962929080276 -0.730623559509 0.28128556035
1 3.11302531592 -0.229638771215 -1.22103342461
1 -0.79387973619 -0.305098732374 -0.484189657169
0 1.02955461706 0.357336447621 -0.669750338768
0 -0.241093346132 0.337914048421 -0.379755770626
0 -0.838728254554 -0.164186872105 -0.955903415015
0 -0.378411788195 0.991596391275 -0.305859137223
0 0.448300090603 -1.39116841511 -0.933202962315
1 1.551012466 0.351287398956 -1.06598299535
1 0.493064996273 -1.51024934641 -0.135502590642
1 0.713540063412 -0.89764580403 -1.37599572
0 -0.218564544702 -0.00657752286995 0.238241003064
0 0.25074412333 -0.223831168283 1.40996789185
1 0.639928996984 0.00302867022016 -0.551137684604
0 -0.0909709099739 -0.0543197269206 0.939346052726
0 -0.98034843106 -1.2882771554 0.597675249261
0 -0.820798788152 0.456506294578 0.754966086729
1 0.629152923334 -0.906901263271 -0.625152211212
0 -0.0297092536919 0.333972023093 -0.842128005942
0 -0.934965333421 -0.383682944109 -1.21024974377
1 -0.907823775364 0.354188861719 -0.861341520916
1 0.99757893543 0.967367577249 -0.142342158518
0 -0.710106012232 0.785627937842 0.992430210049
1 0.829681022544 -0.108960007147 0.807333453606
1 0.0152138598363 -0.0902311155454 0.706981888712
1 0.516988893102 1.42509507723 -0.631160418226
0 0.762964844744 -0.765911168281 0.990377847559
0 -0.0410190975005 0.379882885732 0.962818812858
0 0.703938653606 0.30543209835 -0.869306776724
0 0.834572336794 0.190746993779 0.861707850635
1 1.10309376146 1.26034867854 3.56037646448
1 -0.423443949603 0.00189880341854 -0.0341844062651
1 0.441614098939 -0.189383869682 -0.419389481892
1 -2.12248210483 -0.236226368696 -0.342684678148
0 -0.882935576685 0.898778704214 -0.322826676048
1 -0.37439159749 0.151703757327 -1.15889580202
0 1.15232963501 0.360630205891 0.444021463294
0 0.898840241426 1.04516328477 1.2598660624
0 0.302036355539 -0.561746539111 -1.11666127867
0 -0.0489275865261 0.0820893136972 1.04355023732
0 -0.399901864507 0.792162708735 -1.39329175921
0 -1.00784891052 -1.01986313306 -0.158670552375
0 -0.945496423015 0.771227648448 0.00333866332494
1 -1.62582008759 0.258693632914 -0.932857695675
1 0.375306967281 1.00015864467 -0.925601405105
1 0.333505283195 -0.807172084665 0.535653842933
0 0.547435316071 1.78140397297 2.58466583288
1 -1.01259575487 -0.146894502306 1.72568476442
1 1.78683640615 1.55949082914 0.918706785607
0 0.282618247838 0.331234389518 0.532159153761
0 -0.255420850363 0.592741941465 -0.649689742856
1 0.234674720616 1.50330692638 0.272454575977
0 -1.14228013197 -1.09548814569 -0.473971914098
0 1.58190569864 -0.412250052865 -0.395866770647
1 -1.12152519811 0.437819513393 -0.204153237315
1 1.09254558479 -0.172021755333 0.623554771421
1 -0.0650616875566 -0.687702739475 1.44277232223
0 -0.354113699406 0.61659619003 -0.125558203358
1 0.211434845703 0.769481312549 -0.430929800182
1 -0.382672282063 1.02281625632 -0.130980138735
0 0.591469372967 -0.924422311392 0.386480222151
1 -0.942231995579 0.688228636952 -0.437296259259
1 1.31513971233 -0.455442769739 -0.977393480446
1 -0.861517986777 0.943359979429 -0.194308051064
0 0.107584933015 -0.0918676684933 -0.474849011613
0 0.223784197223 1.23272257407 0.00701810847444
0 -1.41497349043 -1.52307446562 0.672388971945
0 2.12704123429 0.113081289856 -1.51093846748
0 0.118821209189 -0.246576104698 1.35459494051
0 0.0230368985773 0.026999747687 0.933612478515
1 0.0228441245107 0.808144053923 0.642013281469
1 0.539529145615 0.464214154298 -0.259606383436
0 -0.593204300569 0.233289272651 -0.280020923133
0 0.911915514132 -0.766200911857 0.635176574211
0 -1.24886369451 1.34590143832 -0.825025436214
0 1.99345903501 -0.00927943523281 -0.263445269816
1 1.10278920281 1.18209128543 -0.45507237045
1 1.96732818155 1.49935513313 0.525465650743
1 0.0954349400417 -0.189932638236 -1.19662863382
1 0.559015741581 -0.508832602124 -0.286269550542
1 -0.674573045578 0.496997729205 -0.762453816629
0 -1.20828849976 0.596687241362 0.810365861584
1 0.719753278676 -0.316693740005 0.034963673791
1 -0.349332244834 0.315331780801 1.1860596833
1 -1.16710196415 1.07649139233 -0.606453615753
1 -0.610462882172 -0.00132393797105 -1.38081372395
1 1.82665347116 -0.638742578219 -1.31891585601
0 0.483978959074 0.345243171126 -0.885971436954
0 0.701897701573 2.41234720196 0.184386571071
1 -0.022587575782 1.92378804262 0.133846885192
0 -1.33954094708 -0.930849654254 0.468518708374
0 0.462369502805 -0.319756865982 0.928329565412
0 -0.482373200665 0.656181836978 0.0237333159805
0 -0.789072045025 0.458068655766 0.65661493382
1 0.0257314167891 0.124728205782 -1.04051874882
0 1.00672863856 -0.267551734002 1.30985920121
0 0.358798925086 -0.503559020893 -1.32959016759
1 0.934296257891 0.354021631472 0.952866152707
0 -0.28053907021 0.408842697776 0.372545489043
0 0.356639619253 0.155169955039 -1.06558942775
1 -0.429918650058 -0.185359092288 1.58906048806
1 -2.02321228047 0.389866642977 -0.324596417556
0 -1.23636214983 -0.445930709616 -0.812304477909
0 0.422362057387 -0.496269661149 -0.800446234811
0 1.12981792416 0.840752177517 -2.28717482399
0 -0.44548136701 0.760080587443 -0.751853179471
1 -1.0015808052 1.93513785989 -1.56295556937
0 2.95296064861 0.346556863626 -0.402722996643
1 0.118770032575 1.13495745014 2.04470894278
1 -0.104490902258 0.60248562838 0.774197744356
1 0.472031175781 0.669094408381 -1.01132372094
1 0.427196204542 -0.221378578553 0.0657440408832
1 -0.770106650865 1.36095985368 0.669288045544
0 -1.7733352501 -2.12884159097 0.224234293247
0 0.335151268103 0.861912414077 1.78907369243
1 -0.28777769477 0.878578652065 -1.72564008337
0 1.41895627257 0.230244070972 0.988250878658
1 -0.391035492256 0.363662068149 0.927313707639
0 -1.26001095083 -0.872693347428 2.42519323942
1 0.259498394219 -1.11390648361 1.06096929104
0 -0.154095894646 -0.544693443983 -0.475800101459
1 0.329840744677 0.119645609466 0.186522815793
1 1.74681571658 -0.714681887321 -1.06303850495
0 -0.248483093346 1.39600376019 -0.333472224373
1 1.25074193357 0.0570364074323 -0.544005294808
1 0.302159570504 -1.00106895116 0.0995621686061
0 -0.276925596764 -0.670170841538 -0.0377751613977
0 -1.01862022302 -0.457307579359 0.474745569391
1 0.0813164501584 -0.939056678248 0.658610256643
1 0.903744564329 1.37981937407 1.0589184368
1 0.0370032704426 -0.589385220441 0.904948436329
0 -1.71559090125 -0.551591542616 -0.499125289767
0 0.144256211371 0.672242106906 -0.905041953862
1 0.757184237977 0.458439646595 -0.819279958465
0 -0.0666103658226 -0.432353505674 -0.927547869352
0 1.62089312198 -0.55704591737 -1.06947994122
1 -0.27131743866 0.373394301584 -2.2246145947
1 -0.158082317365 0.402836605291 0.754250712432
0 -0.827942169437 0.159586249343 0.688753493792
1 0.257258583539 0.501185792409 -2.30932797206
1 -1.0328119278 1.13061283432 0.191135624618
1 0.947518622198 -0.863413756782 0.534500287472
1 -1.00566081235 -0.362897188579 -0.014523659288
1 -0.0557487472997 -0.88415304425 -1.71615549278
0 -0.7602813615 0.87025076231 -1.25075074364
0 0.463328781227 -0.085553431031 1.17560288267
1 0.607419719438 -0.577890329786 0.985795265015
0 -0.231358906657 0.235916846509 -1.34633067951
1 1.33264384699 0.195577318139 -0.988469094448
1 0.90590824548 0.221867168219 -0.0655434431961
0 0.520969965908 0.16211682382 1.62848282856
1 -0.335131977901 -0.507787317859 -0.20383065833
0 -0.132893646179 0.257916125576 0.607451852786
1 0.313274501473 0.422003859046 -1.01436832868
0 2.41841494697 -0.792355844287 0.440946055166
1 -0.289082537904 -0.0432359810576 -0.236596476525
1 -0.531297841138 -0.515473978024 0.201736265665
0 0.128127304244 0.0358143601187 -1.12666352435
0 -1.22466712623 -0.036631868173 -0.0120970238452
1 0.861108455873 0.235166600078 0.17129698563
1 0.784912983064 -0.475821966521 -0.557008089469
1 -0.0616536420981 0.57503095198 0.763532427344
0 0.0657243395464 -0.307962592198 -0.423508218437
1 -0.258928441963 -0.896867534887 1.47255509343
0 0.261121526291 0.146720943987 1.30008091135
1 -0.414458869674 -0.213833821535 -1.21874973557
0 -0.0394700140418 0.213589036284 -0.203738227341
1 -1.4901412843 0.466334315821 1.29086432324
1 0.813380309004 -0.876383390166 -0.929443647673
0 -0.458457490456 0.137225228372 0.970496807542
1 2.01337142591 1.23761975819 0.476671132514
0 -0.833469910681 0.102799524271 0.999005392902
0 -0.375745823303 -0.0181708217337 -0.0890764428116
0 0.712474171612 -0.618664736404 -1.31346751531
1 -0.114842441818 0.112313802167 2.6957686808
1 -0.364549158118 -0.80825994066 0.398391437195
0 0.553929708882 -0.441646112482 -0.637031867237
1 0.648310097318 -1.10044899223 0.0173762264274
0 -0.336561800799 -0.364798825858 0.195277752064
1 -0.5923622523 0.289450659215 0.677891350308
0 -0.785284710713 -1.25457541692 -0.025800438393
1 0.64891473296 0.711057806175 -0.92324263427
1 0.587660446973 0.725242586063 -0.950889310254
1 -0.535035118981 -0.527263640456 0.864453362587
0 0.404823631232 0.265355514735 0.949391327183
1 -0.0538682260554 0.688425920759 1.74201876221
1 0.789696965094 -0.315733053033 -0.633447610783
1 -0.449568048498 -1.20218594143 -0.895925400772
1 1.1103973118 0.816589848373 -0.434578204221
1 2.34865960364 -1.08855968788 -0.518319537486
1 -0.337440476537 -0.367278359298 -0.337987718013
0 -0.0232879144978 1.13745773998 -0.924952276541
0 -0.444315911831 -0.153911149642 -1.08813540435
1 1.83502337822 1.01193468644 -1.1249316694
0 -0.179078651879 -1.83575788407 0.867433066975
0 -0.793493444443 0.49745332638 0.499111514371
1 -0.153317245008 -0.588041325531 1.28146634014
0 0.142836136883 -0.163677908774 -1.62080108183
0 -1.3192791577 0.523422998156 1.47052297155
0 0.594819966998 0.844180813555 -0.534015446512
1 -0.170349229183 0.760746284097 -0.0889763116337
0 0.935813340508 -0.634023616378 -0.449639776971
1 0.330184451464 0.149513544532 0.32345064446
0 -0.276114363357 -0.232832011342 -1.03100654042
1 -0.323373452338 -0.661306725058 -0.980711763075
0 0.527609143237 -0.886774054107 1.06480827125
1 0.967490525484 0.466974014098 0.703479297852
0 -0.945834133045 1.17208102 1.41266769077
0 0.095882876136 0.140721151556 -0.442967760486
1 -0.0963630550334 0.0616613884725 -1.03416324804
0 -0.272764432093 -0.280803380957 -0.866118648406
0 -0.391568404354 0.358178665682 -0.476041313612
0 0.558726999289 -0.0492390758383 -0.101493273354
1 -0.631163864368 -1.00224793721 0.216214500791
0 0.660613443323 0.890351793602 -0.886345718907
0 -2.27732567415 -1.13904583544 0.694866874481
0 -0.600397255498 0.518227138555 -2.0350619154
0 -0.997786047796 0.316163794028 -0.592341024706
1 -0.505710621471 0.88087618518 0.0878570007134
0 1.19092065436 1.00673203438 0.709860597055
0 -0.15087818742 -1.50586937219 -0.216069503365
1 -1.59335298103 1.00459783081 -1.78351899978
0 0.103362971106 0.687278978352 0.991146187417
0 -0.451816052586 -0.446146527109 1.23026385759
1 0.0784168898637 -0.117168756661 1.39205649728
1 -0.99112011244 0.356575891822 0.786220029585
0 -0.413458142886 -0.430392026128 -0.495403049836
1 0.161381377204 -1.34306476312 -0.471068062206
0 -0.0511167331 -0.0316974044285 -0.822133020278
1 -0.501063911128 -1.10033277201 0.878118546121
1 0.985294329253 0.614767049807 1.08701043433
0 -1.01708839356 -1.09590078574 0.421003222803
1 -0.915510003192 0.139116972445 -0.434793639295
0 -0.153392284214 0.215098840204 -0.958881564373
0 0.593699526365 -0.138716511761 1.24032920949
1 -0.631737198953 -0.851529190983 0.0653707957344
1 -0.702740472536 0.479195970453 0.341575013873
0 0.369836918895 1.48447053959 0.620551002621
1 -0.405315061167 -0.374788873744 0.197183200592
1 0.838458565073 -0.987459516773 0.779501073438
0 -0.455218371937 -1.12524308633 -0.748027269577
0 0.25116788578 -0.093664567687 0.179666549019
0 -0.250329933246 -1.23136455147 -0.24760844562
1 0.663195940916 0.114993417512 1.11658081621
0 -0.783356280129 0.283520503761 0.761270358237
0 0.0877151011327 -0.43338768975 -0.341921047584
0 0.190091939793 0.837606251805 -1.54980528989
1 -0.747456762647 -0.0776529236366 1.06788510401
0 -0.447160386716 0.151041042675 -0.54052217828
1 -0.703178725303 -0.145746269942 -0.778755066684
0 0.64265273366 0.0337815761805 -0.996516813065
0 0.420969796321 -0.269396381111 -1.3298049304
1 0.359777283835 -0.399203656784 1.81912534479
1 -1.44485150619 1.51863630187 -0.19103387465
1 0.517797055543 -0.233521912441 1.08787241859
0 0.359755414246 -1.1019393402 0.373790143625
0 -0.139310950586 -0.319774459319 0.415701775552
1 1.04510552676 1.46152796501 1.04742594441
0 -1.47940800138 -0.917902144203 1.43043081583
1 -0.678422140285 -0.920651667675 -0.74865547242
1 -1.49286749894 -1.33835990138 0.109669154849
0 -0.567161984291 0.901237693202 -0.351784035155
1 -0.359692881753 -0.00934155715779 1.41394812567
1 -0.179825745649 0.982223239391 -0.0631378609033
1 0.743595671858 1.61620699994 -0.0497566655499
0 -2.1933627159 -0.830660395439 2.16176770041
0 -0.665839152473 -0.794171067979 -0.84408302419
1 0.0914398629572 -0.787606301048 0.792000497941
1 -0.30505338131 0.140673203035 -0.435793340365
1 0.0298175167487 0.176270428602 -1.5446120036
0 0.297396710851 -0.265369577471 -1.02214872291
1 0.949551938172 -0.561657366114 -0.634644753752
1 1.13543198313 0.82419541152 1.06592951558
0 -0.045715667336 0.114054674228 -0.219473883255
0 -0.344887897847 -0.499599705406 1.21573985096
0 -0.956098315708 0.838555172575 0.241677902808
0 0.30499215371 -0.0731968538075 -0.0418301089387
0 0.0892206888647 -0.0488723094124 -1.34604215848
0 0.388667028187 -0.756559945499 -0.47738454506
0 0.917566315007 0.939176229991 -0.457605495
1 0.447579996016 -0.619333686099 -0.629149782789
0 -0.520912355788 0.510056074103 0.880686946264
0 -0.114132715067 -0.547957811973 -0.4130771502
0 1.03842592537 0.33973914113 -0.463905357614
0 -0.507505073708 1.2963640341 -0.103915855583
1 1.26179152491 -1.35468119636 0.958284964759
0 0.13354838354 -0.389906151214 0.180378391941
1 -0.538728041705 -0.153825795081 -0.992463994473
0 0.0803013308928 0.63521183818 0.209135981129
1 -0.832500804317 0.531398514227 0.687494190698
0 0.358576535907 0.846526296539 0.645985388279
1 -0.611127376687 0.120064579186 0.774830651857
0 0.646559300944 -1.00298334528 -1.72281601099
0 -0.410927039579 -1.03561149823 0.317190259253
1 -0.882246270973 -0.0109085997988 0.245261274535
1 0.119531221376 0.846512506259 -0.0125863679025
1 -0.408911358388 -0.33847160567 -0.558149116903
0 0.991878553527 -1.15296339149 0.0579115504485
0 -0.270461101962 1.18735240733 -0.318880615802
0 -0.814323281752 0.0209833435063 -1.90193183351
0 -0.558707307502 -0.891413491091 0.950397126568
0 -0.314614911106 1.12774709747 0.407888703853
0 -0.175911077237 -0.896578173742 0.0787994389399
1 0.195567641403 0.385700368514 0.666064458253
0 -0.994058955965 -1.07590820907 0.839229225381
0 0.117759996011 1.43563812249 -1.11247295814
0 -0.616792394314 -1.95165571722 -0.406973494715
0 -0.0660585731021 -1.82369585143 -0.0498096313216
1 0.792539199755 -0.700461869867 -0.405924431798
0 0.425095160201 -0.274710567762 -0.17870682056
0 -0.831038249444 -1.01347357491 0.621104010543
1 0.181469904183 -0.141105647454 -1.01717093754
0 0.416619163273 2.67413525299 -0.0440331687522
0 0.550086131359 1.4047993368 -1.28218760855
1 -0.214366384971 0.463874894684 -0.856262806876
1 0.730374739465 0.887435662187 1.47694767263
0 -1.54743830778 -1.35483318818 0.307630316845
1 -0.195713129245 1.2106568046 -1.06866620952
0 -0.974287799779 0.941037659969 -0.18685419533
0 0.211991666409 -0.053841081676 -0.530738801227
1 0.0473874668225 -0.114117134645 -0.383879991909
1 -0.415640455337 0.814020188261 0.763653752475
0 1.70649097057 0.0223623677007 1.31675517117
0 0.405579636766 0.717630223163 -0.641349290246
1 0.126352690746 0.552054409158 1.47570246904
0 0.0706383611826 -0.778014516549 -0.0484191577082
0 0.365871985746 -0.999571283831 -0.488228210349
0 -0.239209628153 0.0832205395341 -0.627281548873
0 -0.231928176495 -0.290779847553 -0.414085842351
1 0.592271125621 -0.978213444068 -1.74991302506
1 -0.87154614572 1.27677760863 -0.147304726825
0 -0.984622356155 0.526091240072 0.867695016865
0 0.854310644795 0.246164665222 1.61135206664
0 1.71230285479 1.31094312718 -1.34398094642
0 -0.620267102181 0.0550939259999 0.485965259947
1 -1.21826436686 0.154646696854 -2.40686839364
0 0.955153294396 -0.595390841282 0.991769613201
1 -0.780332726478 -0.324081905946 -0.603054909041
1 -0.773522006887 -0.842574109693 -1.01410199387
1 0.924215521082 0.658744355753 -0.43371952817
1 -0.109306302701 0.154819471976 0.29387981964
0 -1.04948304817 -0.909415517438 1.46273597107
0 0.602808818761 -0.103429144411 -1.01712490672
1 -1.27661300409 -0.329014980535 0.0534721820957
0 -0.234809516601 0.767435150538 0.520478002694
0 -0.809169806908 0.10248263518 1.04925228463
0 -0.304567260932 -0.505156718373 1.36902007839
0 -0.319965943653 0.467448250064 0.272960382033
1 -1.42118773091 0.810473560312 -1.50207549203
1 -0.500509405482 0.441610967559 -0.456549630547
1 -0.0438011962932 -0.363385554833 -0.716612323694
0 -0.258042343964 0.95516118787 3.09670326768
0 -0.0625121389928 -1.35701457097 -0.888800987465
1 0.752377607613 0.439513624694 0.170956038088
1 0.749359563242 0.00189341377154 -1.09663900284
1 -0.68418262077 -1.00125685878 0.691033680878
0 -0.331561901402 0.451927150851 -0.983679862003
0 0.282638679063 -1.01275027485 -0.134063340926
0 0.740319064511 0.761542476502 0.19286611252
0 -0.987158621641 0.817283277652 1.06963402962
1 -1.15877998947 -0.169865582831 0.47575600852
1 0.218746008007 0.420484523226 0.317180978713
0 -0.988568879107 -1.13081387027 -0.583647536516
1 -1.24928820606 1.40121119731 0.0214512982643
1 -0.440122663173 0.685164531834 0.219032998918
0 -0.648036062178 -0.792721014016 0.795335923999
0 -0.0201725884591 -0.280108872721 1.14218781836
0 -1.5503065753 0.610560370933 -0.225717548708
0 -0.424615804597 -0.791084533291 -0.479266736603
0 -0.216563151014 0.249460268297 0.71249765197
0 2.48754007577 -0.384003500186 -1.46159858399
1 0.163628941967 0.0830782278859 -1.14975520685
1 0.738362834431 0.64542596297 1.09969755224
0 0.177427488595 0.526928517708 0.931689627769
0 -0.323398471816 2.07295916155 1.49770871053
1 -1.18992571604 -1.34147178128 0.788154627654
0 -0.604103803051 -0.208449700699 0.862828673953
0 -0.262067533597 1.12057623636 -0.576491167406
0 -0.751873211162 -0.646747051382 0.818310529518
1 -0.686155582804 -1.24592024328 1.65028453394
1 1.18563650183 0.673084551653 -1.01743285068
1 -0.33231517363 -0.165791416979 -1.00114639068
0 -0.783357532058 0.161130166879 -0.00451557231148
1 0.434964139605 1.16823043828 -0.562062920836
0 -0.76124963768 -1.13774575997 -2.46686320189
0 0.988181847215 0.0290330999916 0.649330593716
0 0.69321149661 -0.931166335121 -2.09914337508
1 0.00607304506389 0.0719781751542 -0.975823918781
1 1.14279569055 0.0720510623741 0.454254830143
0 -0.00404100712401 -0.91512037474 1.26273009019
1 -0.128635401225 0.0198756984592 0.884932134549
0 -1.33503681172 -0.767043211216 0.899218976978
1 1.18587819022 -0.291797742215 0.507366342461
0 -0.396618756031 0.232057663471 0.0208223644456
0 0.92436495597 0.0177413204032 -0.898826651523
0 1.85517629906 1.1648303678 -1.06618978719
0 0.0632379995268 -1.45269326273 -0.0600296403112
1 0.154085333737 0.931761972531 0.175700208502
0 -0.502970324899 0.414363903069 1.76192225571
1 0.16855659088 -1.29638358165 2.91651186888
