0.0446750152402 -0.0101377568206 0.254479652578
0.0599755942652 0.148038514995 0.0680826361789
-0.700365039902 -0.96984410968 1.04913262853
1.038976755 0.792757771017 0.10875155698
-1.06894667328 -1.7255601418 0.14407619857
-1.04204785968 -0.87556120853 -0.193791552315
-0.205587686733 0.754820503523 -0.745942171953
-0.844636354032 -0.0999049663321 0.482905506459
-1.09619292311 0.781884094937 3.15456152669
1.0868420889 -0.600657683174 -0.154910384853
0.576611508923 -0.589765339809 -1.13970924904
0.489031418166 -0.866585989022 0.781326296532
0.719660358983 -0.313797075484 0.815231875726
1.89239997826 0.697183516802 -0.733702773345
-0.298052889782 -0.255420469856 0.55133558617
-0.0439468985737 -0.116208227182 0.35154733515
-1.17444828541 -2.04197195395 0.414869892556
-0.550071676163 -0.209030210903 -0.12661604299
-0.08850403177 0.679014358074 0.87773865227
1.0544186619 0.647779405016 -0.999464043062
0.284897252892 0.285775055125 -0.342978729092
0.388026508481 -0.124441004808 -1.31591238807
-0.501802816426 -1.55945350529 0.782353816596
0.922151971358 0.405919931531 -0.440249549521
0.108069651838 -1.48593470275 1.20880581587
2.38196782802 0.690875789073 0.376765004092
1.68519816654 -0.432684007618 -0.390560152736
0.766934312473 -0.954870342947 1.36308034011
-1.08135742211 -1.05165031057 0.763982389317
-0.111719626625 -0.415762575743 0.40117096923
1.13583999482 0.607014814769 0.583422540157
-0.263520676539 -0.240694532823 0.498894330596
-0.522031649559 0.353490698592 0.957245974718
-2.1104191016 2.43333878771 0.226514667299
-0.638978771792 0.474504599712 -0.357559190856
0.635057744376 -0.0206882343103 1.96149735203
-1.35091729097 -0.632185335308 1.78876178881
0.892361983663 1.09808099854 -0.604538263031
-0.18660551888 0.0626443293367 0.746461745959
-0.278710104208 -0.293531378919 -2.67910284575
0.282075665022 1.48045506295 -0.718902989934
-0.785209521151 -1.73926036434 0.606679344378
-0.377196723369 0.608327465818 -0.743236305657
2.65760439246 0.729235236283 0.467772840292
0.70981425592 0.00592546141179 -0.274339402786
0.247917566991 -0.341740832894 -0.780114052322
-0.0845827621726 0.0687474621276 -0.423998607538
0.66676648923 0.912119167498 -0.914971618567
0.341882014401 0.1700208777 -1.15821158146
0.731146887921 -0.633507322563 2.72059686194
0.780393864041 1.07692749042 2.61776682334
-0.776130805652 -0.46716409411 -0.916370533053
-0.290977957801 -0.125468306687 0.597894700718
0.620722474341 0.17471895208 1.14330802927
-1.44239695555 2.09490314892 0.476149283013
1.18408201777 0.55460722659 -0.940317331078
-0.924806755635 0.686257418889 0.20973544588
-0.839202578536 0.600518015676 1.77740753473
0.015423667952 -0.114963220537 -0.553003340251
1.77503503688 -2.56472399552 0.454534191707
-1.03751426858 0.246399809565 -0.21476411529
0.263156689896 1.61899425454 -0.730399861538
1.42308457029 1.11012906497 -0.532683987802
0.510455261816 -0.222778162654 -0.927586540377
0.686237453506 0.391400613868 1.03498036487
-0.600924809725 0.619217896164 0.275239878397
-0.732989684504 -1.46015703696 -1.06515241863
-0.4438211029 -0.358929732116 -1.28568631936
0.616096738993 0.802387344379 0.0747038163945
-0.599990627882 0.588138262184 -0.651486822851
-0.139214588549 0.254971131138 0.124631928064
0.927080925633 0.521888346457 -0.623560542522
0.521129128931 1.03824528908 1.16329421693
-0.389442108687 1.85436251854 -0.226687105529
-1.23307747362 -0.866600729177 0.703676454077
0.437491798234 -0.173826281518 -1.01850014707
-0.966850116689 -0.419924923437 0.00508211010856
-1.36711563113 0.363615826707 -0.257900904773
-0.897048815777 0.258690656784 -0.230879905486
0.262839430236 0.600865702001 2.51850530376
0.301400429357 -0.150896953878 1.00027252471
-0.172421268739 -1.24147196192 1.27137593113
1.64977593379 -1.10718227769 0.540737091891
0.65161136326 -0.56793837934 0.852190462996
1.13655926266 -1.16967749925 0.0602368035511
-0.685564055269 0.464942821779 0.819638785092
-0.956760027554 -1.58062621008 -0.846190611045
-0.626351425379 -0.335166581085 0.909381758397
1.53623773834 0.868788689745 -0.49735520584
1.51734136557 -1.07120152979 0.999553650069
-1.46109878558 -0.343902388314 -1.90156257717
0.167885497653 -0.616857449216 0.521980129603
0.844614174625 -0.467199578307 0.940036963904
-0.237091544638 0.288465100393 1.06699533287
-0.215751430098 -1.48895521023 0.508038785086
0.368235788801 1.91909915232 0.530221922996
-0.274974847433 0.458996427354 -0.645555358157
-1.11493804452 -0.764909078473 -0.0648272873024
-0.76349746728 0.69840028308 -0.0267846060765
1.50620501569 1.48121825239 -0.131079294935
0.610850608621 -0.498694669368 0.773364847429
-0.580159652897 0.783191559141 -0.656902626792
-0.567929279656 0.698194037083 0.891853557836
0.379659284531 -0.48747350238 -0.638025317567
0.812294199484 -0.183889076121 0.0502155905812
-0.624771740101 -0.44740198942 1.20626447019
-0.56340807351 1.22626244125 -1.21152263204
0.27774177227 0.205760362515 -1.05095214045
-0.252197401808 0.147651063902 -0.429195790406
0.370117810663 1.47866843351 0.218979273644
-2.1336568224 -1.12247603944 -0.172731252429
0.0211973848477 -0.141192914103 -1.04943352214
-0.689368524038 0.291894053531 0.824498755907
-0.496536217734 -0.368244941513 0.345797967832
-0.304726815314 -0.369516111549 -0.316436988515
2.00559064442 -1.03205107246 -0.0810150666557
-1.54849402569 -0.0772378530626 0.794257532718
-1.15213079021 -0.00766111416094 -0.310916414325
-1.09457273022 1.30845420119 -0.154927380658
1.05183980412 -0.0271015014932 -0.953169567046
1.45458292442 -0.570991882065 -1.68960427555
-0.669520722969 0.65398399916 -0.583784842797
1.20956632485 1.36648651246 0.743404306548
1.63467433699 -2.50306879825 1.05730825398
-1.97008144818 -1.6231953845 1.6311278115
1.05062922639 -1.04997580956 -0.391821649184
-1.56572250799 -0.594822345401 -1.5048319145
-1.56885784983 -0.0654003917638 -1.85865360745
-0.616852538336 0.430632529071 0.50799418612
-1.12156641275 -0.151773505195 -2.02935748431
-0.0610681283899 0.651817314768 -0.0590492360277
0.482918214203 0.0470450231898 0.175684898711
-0.144629243866 0.101798608146 0.287476339931
0.973775293009 1.56275960572 0.647382963201
-0.686634650746 -1.96839628753 0.726584543508
0.350452196266 0.48100219736 -0.752878252222
0.927032761586 0.633441600312 -1.38769411678
-0.911387264785 -1.12213919567 -1.4873553379
-2.331381587 -1.0653545129 -2.46494114738
-2.83506331296 0.943785696118 -1.55061021523
0.843156139177 1.16337825084 1.20980424018
0.6038103194 -0.431129559429 0.745497506763
-0.799218191971 0.857222987832 0.189329268068
-0.076637112066 0.7975396503 -0.955175714823
1.0597671314 -0.193771860176 0.292236550348
0.961924861986 0.986900301249 -0.703886489686
0.227580667945 -0.30138131776 -0.11557682232
0.233155466044 0.313229132205 -1.33974356492
0.772738941653 -1.10128942054 -0.33078310654
-0.567604895873 0.396173785162 -0.935150373371
-0.835704614845 0.19127692054 -0.107283800449
-0.19209895568 0.321751313803 -0.600474215441
-0.364912132669 -0.178026494564 0.413517372133
0.655784843834 0.358126341676 1.24566241951
-1.12187903182 0.695783414807 0.518888982606
-1.02749833504 -1.34805263259 -1.23819901306
0.269942013685 0.438118950434 0.00682746833081
-0.436249606878 -0.391526001059 0.85981808773
-1.24660296533 -0.735927322859 0.750828827943
1.16493006215 -0.0316422936307 0.648027057444
-0.692105908542 0.346059547022 -0.63253406246
-1.12638342605 0.490446619852 0.164905304767
-0.216599999901 -0.994029663973 2.31108079582
-0.681588305609 -0.22839050527 -1.11848241351
-0.549622629659 0.902264004927 1.71523568717
-0.921712017229 -0.166478425717 -0.743769854868
-0.094331039211 1.00219910603 -1.47912779232
0.509360976529 -0.984499094481 0.925094044223
0.528141857595 0.859463823922 1.17387557719
-0.139765783667 -1.03010583291 0.875959002003
0.427720780073 0.842920998666 0.798728596056
0.884469002238 -0.145912467939 1.46471144553
0.404510227545 -0.31409943233 -1.33545144889
0.945768784994 -0.669402466128 -0.378344974898
-1.05251852379 1.82434730449 1.12876266993
-1.89621172224 0.31787791147 -0.907180640344
0.798228828565 1.04098859491 0.708165092139
-0.860750339433 0.827055680682 -0.22046968597
1.11350874055 -0.835570150925 0.423582884521
-1.01996631373 1.48515029056 -1.39120691995
1.73483703942 1.79661127686 0.507542963144
-1.28088991 1.09783092028 1.43169210053
-0.548034986108 0.0962302110164 0.980236280379
0.679841799566 -0.344794517217 0.63657061557
0.64348982144 -0.0469889019634 -0.836108934289
-0.0997558160079 0.337227662655 -0.641482238879
-0.698687292367 -0.109060860474 -1.17422256174
0.504204324957 0.0242135003513 0.0356763126806
0.872389657187 -0.269997511459 0.576035604869
1.10638334044 -0.546174348255 -1.27363845229
1.51981656599 0.693039429256 0.784371403737
0.384983548636 -1.91171159116 -0.0983321115475
-0.970608744143 -0.359170131609 -0.861769737164
0.177571507478 0.25702290935 -0.620548060096
-0.345320407333 0.329862634903 -1.23687625509
0.138983469732 -0.0199977379106 1.01326517104
-0.176282409719 -0.374480658486 -1.44336098815
-0.455698190833 -0.905579761084 3.59215760569
-0.179913253838 0.360787450382 1.56471443929
-0.32611058175 0.225483458807 0.568068826279
-0.308769298668 -0.157997482652 1.08484479362
-1.2556445571 -1.01520872259 -1.00067510182
-1.88554810078 -0.78196201246 -0.313018441315
0.320519685615 -0.491388131726 -0.0307286567661
0.287674442527 0.807957162256 2.59520446656
0.132311769826 -0.326470861624 -0.868080465632
0.0527430796389 0.131272923153 1.24656816587
-0.111924791332 -0.482364546847 -0.263320470374
0.221143672807 1.44861992025 -1.3341467539
0.571165140848 -0.363152540073 0.794905199982
0.300790724622 -0.278084548933 0.31538908113
0.696010485047 -0.291438484085 -1.20132076095
0.50239296116 0.454807508887 1.13571685104
0.154682617151 -0.373677896607 -0.474649186167
0.837903802704 -0.47596717695 -0.613162037902
0.394546165322 0.601963513743 1.14636681504
-0.322737319495 0.338205128222 0.747784849938
0.885301321361 -0.905778457098 0.117983865299
-0.733154668086 0.0639396135688 -0.778443062104
1.03479282842 0.894249450328 0.268776443829
0.745539093775 0.221141776468 1.22648604225
0.385822874132 0.09862889597 0.4698586741
-0.160950762325 0.150722744982 1.04838550395
0.580673671447 0.261050412737 0.649888911429
0.233228304048 -0.454969288145 1.76177992218
-0.63327469246 -1.48795385427 1.23942649243
0.511988216007 -0.0839624122277 -2.22323335777
0.911928118039 -0.522387004972 -0.0521142922614
-0.75989229998 0.791597066354 0.701139362671
1.34343736776 -1.75353429706 -0.158846885416
-1.05470583625 0.50992666796 0.306083928468
-0.975582948768 -1.32669217981 -0.543608191656
-0.999167085623 0.842649382791 1.62905790934
1.1394558069 1.24924321926 0.892672697641
-0.879062731076 -0.0772903522442 -0.333024705825
-0.522667585742 0.147881208459 1.00105886565
-0.0316468775151 -0.0889644800848 0.723682829766
1.18792975631 0.514557835986 -0.842554384785
-0.137249906719 0.248858470753 -0.212377151376
0.69945734524 0.111023707446 0.393866505595
0.112660036865 0.469749407803 -1.00597478734
-0.613072727491 0.815364591974 -1.81607176092
0.76827371594 0.334431372909 1.55899469866
0.0520358960491 0.319106811557 1.2939078048
0.666721365656 -0.390349988773 0.595258925805
0.665846886859 -0.510912318097 0.0287211425158
1.50080405432 -0.133966010062 1.72267960663
-0.787773660363 1.1201322253 1.6162855718
0.212472788883 0.420936711186 -1.08055371617
-0.335559388208 -1.41314463449 -1.53178046889
1.26110644669 -0.289735932148 -1.52373943513
-0.0311534051666 -0.279424314438 -0.514593241242
0.964035862507 0.460867300393 1.39347906322
-0.978480912787 -0.15727965578 -0.229275586597
-0.591390461055 1.43776339141 -0.919139796479
0.628043225892 0.285555413857 -0.390263972908
-0.731012631314 0.677118809639 0.514535746977
0.757556658988 0.394273819435 1.01515925243
1.13911590459 -2.0781768389 -0.606936358677
-0.113302591598 0.209311622435 0.643314890732
-0.605793579265 0.220899750141 -0.363887681552
-0.191879651533 0.443959066477 -0.785266251041
-1.03220149377 0.722248110287 0.294639947699
-0.330114587694 0.266290733088 0.378567250641
-1.31072941083 -1.50654214648 -0.382493013365
0.843179155756 -0.791052641903 -0.322625112748
0.689661037051 0.143876467047 -1.19876667556
0.182014389114 0.336780446875 0.534812461176
0.380297395731 -0.130344899554 -0.216150775145
-0.956563636354 0.351029305447 0.694510283384
0.251606598476 -0.181957472826 -0.731183762748
-1.39653923905 -1.52233501774 -0.0439360647088
-0.926661343754 1.40054340168 -1.91155046402
-0.0833155917801 -0.265265922706 -0.433374296341
-0.417779323161 -0.545230046505 -1.5738595281
1.22398489025 0.844505175242 1.08366164573
0.540509485005 -0.7525438281 -0.93606946159
0.871212356702 -0.241230729837 -0.673781878126
0.278606164103 0.29626364294 -0.491278247357
2.17356677917 1.8257413266 -0.0201141040127
0.456068833018 -0.0011553980277 0.605905127316
2.48186205318 -0.26894234782 -0.408163071742
-0.200451865039 0.845322813969 0.957658873761
-0.289744027291 -1.48265142557 -0.286482765533
-0.721574435757 0.827302851691 0.861972398681
0.23883969517 1.15768415716 1.47763669056
-1.15430140083 -0.810669176858 -1.15504380991
0.955622083589 -0.611471928616 -0.462907561097
0.652282667525 -0.545731949293 0.723693308232
-0.819846100217 -1.55800907454 0.186848040982
-0.654103245014 -0.500807146272 0.705940161389
-1.27299575211 1.6989116527 0.0728369256925
1.63713734299 2.39630167259 -1.35410146506
-0.740049429336 0.175583921846 0.0194913402553
0.59393783696 1.24947745759 1.53519102771
-0.73767673636 0.183485979227 -1.53042887761
0.0237837893689 1.05373849511 1.07140730666
0.500130232906 -0.819641877679 -0.831465548991
1.24946123454 0.826511813276 -0.960880307371
0.346374465307 0.51344869687 -0.0757694929471
-0.697811244671 0.539611284807 0.189973096013
0.601729864692 0.20716874736 1.21545873621
-0.391739398335 0.954160293498 -1.46522060031
-0.670618370928 0.25814725014 -0.0391731409351
-0.479873493822 0.358259156222 -0.911659422637
0.261467811841 -0.0397267839531 -0.306236392634
-0.781731160533 0.673639874231 -0.521930943737
-0.123774226532 0.990573176507 -1.92506521957
0.029355190286 0.216798393095 -0.252971043766
0.559834293083 -0.487282296265 1.07407268801
-0.0876346490137 -0.227512432108 -1.35007462422
0.376012305919 -0.253436693612 1.04041159941
-0.62035292993 0.168845252861 1.26369685817
0.882597529552 0.551351105979 -1.03429054249
0.386256652804 -0.188434959824 1.0021226833
-0.781152325881 0.138841181153 -0.378215166502
0.149171223368 -0.548585066897 -0.0927491979825
-0.853161580404 0.822491127423 0.114108816129
-1.02263350036 0.694362363061 -0.589552715228
-0.1262930548 0.213504558494 0.829178812113
-0.735800270295 0.776528483235 0.195382576869
0.917194533377 -0.520193859109 -0.027820863544
-0.180781852493 -0.163642450053 0.363663548765
0.932863282201 -0.542226542091 -0.691128292232
0.181418573118 0.541210929505 0.237059016533
2.07029774927 0.983767501825 1.76146257465
0.843432935804 1.16533469351 -0.636989206737
-0.672747527355 0.571652157883 0.196432647224
-0.565049780227 0.292610949852 -0.817337454868
-0.0811655822352 -0.548306890234 0.0999852305948
-0.839482066458 -1.84818156576 -0.25874606328
-0.824730475961 0.700124755365 -0.0334619653309
-1.11443982837 -0.583198000228 -2.41608825552
-1.02002301421 -0.813581016956 0.0756634040516
-0.351772690985 0.232881333251 1.03442941749
0.000844764523964 0.45185664431 1.4726232608
-0.185537344605 0.512150115022 -0.978228184512
-1.14553809162 -0.737446987616 -0.312932685853
-0.338986790479 0.265799078227 -1.81862797425
-0.320599367966 1.09271888263 -0.842610391637
-0.318778444853 -1.0142535728 -1.24196126552
-0.610086422563 -0.638000876934 -1.59773822501
-1.14995800902 0.0426412818297 0.354978662806
-0.126220887581 0.35043939544 -0.127114782937
-0.88852294639 0.922093673821 -0.122947845511
0.41862344927 -0.229693141128 -0.51247336562
1.02113847052 0.895680554162 0.0987930812623
-0.874942572091 0.641706568359 1.81254542462
0.733711925559 -0.200211189849 0.967589371213
1.08521422535 -0.127582720959 -0.317653581419
0.885876575337 0.921818364511 0.00809635339041
-1.3999227184 -0.858596861165 0.578509650362
0.0294890596132 0.266637582797 -1.11553356698
-0.00718112015805 -0.00495863428642 1.07815103755
0.427453480443 -0.434746869292 -3.08361618514
-1.51533051701 0.667129606479 0.603675562666
-0.303935384353 0.120782833789 -0.481880652606
0.6531207237 0.348315633032 0.137535108356
-0.0857144940694 0.11139149732 -0.75528771648
-0.458868335139 0.27879844817 -1.13859952704
0.293020918697 -0.0609806624095 1.0196682879
0.742277265222 0.415491179464 0.860840835648
-0.321405206176 -0.721421606721 -1.59590623864
-0.891267241671 0.903566814516 -0.0458460975497
0.408320895887 1.27659368583 -1.24240003036
-1.04254630204 0.774395299683 0.186069675273
0.537999651499 -0.33213290171 -0.981687328549
-0.4637756747 -1.61239582269 -0.857497620497
1.77111211117 -1.66629047521 0.574997261547
1.28096257294 1.31899475821 -0.482526879756
0.793158890483 -0.332253864511 0.244196123844
-0.634722915986 0.311442278696 -0.782225219496
0.796360714672 0.34214167863 0.91163339627
-0.35813229037 -0.997376224093 0.112023013537
-1.17117062825 -0.0563203769807 0.37829581392
-0.0260749442013 -1.06357914255 -1.65445531506
-0.350903805507 -0.280276820641 0.969755609749
-1.93505111319 0.98618476636 0.360247828444
-0.145930177367 1.03133977329 0.00285041073592
0.977250787739 -0.307748343391 -0.123799939143
0.225029609613 -1.15099014322 0.29259174828
0.16680526405 0.25615044127 -1.25425890559
0.425640578622 0.488103400291 1.24500840801
0.788637403034 -0.473549639307 0.533171872598
-0.616311628223 0.457835186794 0.19233791414
0.418838817077 0.999041480077 1.14204057446
-0.709363598376 0.940875155679 -0.482218117262
0.217601688462 1.23124097224 0.744641261735
-0.891815230713 -0.953647001614 -0.754317969347
0.658283050476 1.40234386107 -0.855322354898
0.366695058199 -0.428574119326 0.173562044892
0.10306616124 0.264001743178 -0.200858261942
-0.781386062022 -0.680754160758 -0.980645556921
-0.11568486944 0.658205259706 0.901933983621
-0.456201913745 0.291425773808 1.00205226326
0.0620336593433 0.242611218383 0.228617714821
-0.200512403882 0.0164115883935 -0.563324695274
0.051220146638 -0.455028026404 -0.472947782133
0.527991895287 0.757221105493 1.07204448361
-0.372829619749 0.180279391047 0.224168915804
0.829868769409 0.25470909276 0.637369783987
0.471654778354 -0.151272501749 0.509539453816
-0.104454785845 0.0859875738269 0.266625805477
1.66995160575 -0.111714210339 0.579213193482
1.11279450433 0.78337856637 0.396546357985
-0.94077076118 -0.900782544347 -0.672473025736
-1.48645228696 0.0816862787761 0.981302524082
-0.721764893652 -0.216134357876 -1.18150708692
1.25958102638 -1.20701136689 -0.0514157052923
0.244268743812 0.311884449944 -0.449018144185
0.660111182238 0.156650380418 1.17747340484
0.323652534148 -1.13784987593 -0.912201118787
0.905767827611 0.570880672125 -0.512535812396
-0.359721309332 -0.520995505699 1.65044507646
-0.600804878764 -0.222085719867 -0.258372728066
-0.217092534304 -0.756146156536 1.23115147113
-1.24019008455 0.855052590947 0.544299780261
0.544244082202 -0.352296968177 -0.0286378652842
0.121012800774 -0.0615068036178 1.05508414944
0.196951833043 -0.783725068529 0.903156801844
0.251634969472 -1.06053979622 1.47909068273
0.731489312007 -0.447761191214 0.477081763548
0.942793164653 0.118910623275 0.512476298665
-0.156062839849 -0.0165217262568 1.74844633222
0.387848747106 -1.04419757314 1.09178909267
-1.48388646783 -0.0334121301263 -0.970357813856
0.396555510028 0.348445313368 2.63226896036
1.75919825972 -0.236444966616 0.0970222180744
0.902023277277 -0.29150569155 -0.12972757753
-0.447696227761 0.874612785368 1.984514292
0.324505062867 -0.287199354873 0.343997911882
-0.743299648319 -0.0681326244748 1.83589446142
0.0222960815507 1.70411943887 -0.479743967674
-1.92764018024 2.38301028294 0.699124589022
0.226255674545 0.407563473479 -0.703824347015
-0.750243706679 0.151953157161 0.8891902856
-0.225489646877 -0.0858554191782 -1.57374192153
-1.98299102067 -1.51596502944 0.159709340476
-0.517332229889 0.272955551951 -2.25993618398
0.180606434078 -1.20659269692 -0.151992425659
-0.465675292803 0.536847832815 -0.742447150975
-0.735727271747 0.349824277289 -0.457246375563
2.52406934339 0.153205193388 -0.0968883823002
0.477582036991 -0.881025893669 0.830442798264
1.00961947159 -1.79324378471 1.38904673745
-0.806376647359 2.1000015504 0.996962736939
-0.682109032602 0.679177287974 -0.859035760045
-0.00916051953975 0.446642551034 1.5676778002
-0.0618701027537 0.555696102909 -0.272672747209
-1.12491956208 0.346284716233 0.182265929699
0.942022096678 -0.736371145642 -0.201838218495
-1.34361001371 -1.4591897161 0.0755252924854
0.64600149062 0.431594531164 0.9861338553
0.242404152908 -0.130974488207 1.32737636679
0.992063702648 0.716800597072 0.823026670379
-0.0513657448873 -0.645400451473 0.841856683587
-0.799109190094 -0.133153641622 0.865349834652
-0.727902634569 -1.36163426881 -0.880364336205
-1.09051784964 -0.00898495094959 -1.48866175463
0.16343758024 -0.323505085309 -1.39326101027
0.35028647335 -0.235830960097 2.23470045759
0.99260792299 0.894303384677 1.23631780268
-0.393455675055 1.4732660135 -1.01567291753
-0.175603117607 -0.653455951968 0.827209991879
-0.500612681636 -0.477646066527 1.08363272623
0.617516551934 -0.777289739848 0.199960359086
-0.337855965763 -0.51374778039 -1.21366116114
-0.176638662198 -0.14377496506 1.07395117614
0.760660640593 -0.604395282414 0.345466929816
-2.28183401386 -0.967021682073 -0.646048905542
-1.43955002351 -1.01112382501 0.536332758147
-0.379891085599 0.168435563503 0.702472633407
0.921471896702 0.775514244938 1.29904855275
-0.649257164278 0.934053878422 -1.92271315421
-0.704509771209 1.16645244762 0.174387576555
-1.08349973855 -0.831687693365 -0.318284858129
-1.0114711978 -0.994548072787 0.879456436903
0.699943170366 -0.807318340367 0.488421041958
-1.24509410011 1.51221674015 -0.408305586606
-0.896295820088 -1.37908712863 0.496217813193
-0.63724611979 -0.677622309423 -0.950203038424
-1.11300117921 0.944946461064 -0.35151373073
-0.817795779393 -1.37663280922 -0.708660448675
0.987058378545 -0.646045055243 -0.476495441114
1.29253321479 -0.321923492718 0.474357775291
0.9956158667 -1.11279938806 -0.276239809628
0.33253384751 -0.0522795529842 -1.30640932196
-1.1951702848 0.984272342984 2.26051491167
-0.594768315233 0.642496958277 0.587848546819
0.663180114513 0.0160033300911 0.26760605409
1.14811889973 1.36374395815 -0.476092410187
0.709093886279 -1.4953430786 0.7473928349
0.0677199896179 -0.561335722269 0.433035969849
-0.453666276497 0.411000358427 0.0153403632464
-0.875790371114 0.0701114635696 1.4889431232
0.555586468525 -0.223704321027 1.64875353787
-0.382492804682 -0.792598695693 1.00904506697
-0.940296917453 0.379078203354 2.36370100581
0.10321097442 0.185538764376 0.483213121514
0.779717125154 1.08049738787 -0.267564012937
-0.915455508052 0.909614688604 -1.25495619029
0.391983618881 0.0562184623774 -0.610872564424
0.827098425241 -0.555405899818 -0.773486301859
0.432250144475 -0.446441854382 -0.30771501689
-0.835631067102 -0.329840757577 0.726604685723
-1.40566293702 -1.29316280657 0.455437065042
-0.953365899086 -0.726651298248 -1.54181570984
0.925836608765 0.430135514627 -0.727136165176
-0.410519664858 -1.14177447157 -0.760278233056
1.21131184945 1.6296769225 0.398511166982
-0.317567482782 0.360500375352 -0.0167826407952
0.553641782204 -0.246849055602 0.521166706208
-0.160445165966 1.01870480751 -0.155662991198
-1.9454637667 -1.52026644079 0.791767391994
0.725431089412 1.06857934851 1.14950617262
0.669613029439 -2.88488277289 0.304032540749
-0.123319395596 1.85756595915 0.203948020477
0.735186854817 -0.0442974525926 0.696180259539
-0.490583066329 0.304923683751 -0.910239396826
-0.658964202318 -0.607746736688 -0.124503204581
-1.05224101215 -0.667959797679 0.348002577308
-0.0178404602646 -0.285464508697 1.03050470053
-0.332232403573 0.0236539561796 -1.01643263155
0.358943054187 -1.23118310982 -0.101696021722
-0.510388909888 0.635460912755 1.13154819457
-1.65081306579 -1.72244028436 -1.51655961683
0.0850908492916 0.989506228951 1.45459735256
1.32836782992 0.360251680578 -0.536468224852
0.522762036062 -0.63548995788 0.585367918815
0.928138849818 -0.523990875066 -0.56796291353
1.76312496547 0.450710705362 0.236845325509
0.811543313982 -0.221906423222 0.52080108819
-0.685629661119 0.727622676224 0.426829532293
-0.555032400582 -1.54582777253 0.537180899686
0.192574722643 -0.665115357446 1.68985046817
-1.12098388206 -0.0639810021914 0.428626655262
0.774289299161 0.675658996676 -0.550096239501
-0.0119647226737 -0.636029178721 0.220583356254
0.537075871873 0.473653139331 -1.27886545451
0.503457812828 -0.989267033106 -0.711583878938
-0.0982679087621 -0.0893561461959 -0.047562997017
-0.426905323358 -0.0578056597585 -1.34452562338
-0.49025631974 0.886260144812 -1.5042746386
-0.725409323045 -0.598035439978 -1.08727521249
0.254740307482 -0.720084832649 -0.303855848941
-0.879804130266 0.652157188058 0.66756215085
1.11252718819 -0.341865641728 0.360810673623
-1.09373637769 0.107248217884 0.517421331906
0.797823461382 -0.368993942727 0.523936157104
-1.63286573091 -0.213994203964 0.955334953963
1.60094660541 0.813281452057 1.77004974273
-1.21957603316 0.577197882209 0.709085273193
1.09760687356 -1.19124712063 -1.50545288612
-0.905997225539 -1.14778845737 0.370292861768
-0.528789520422 0.637383022157 0.606057420732
0.959400395664 -0.17800354834 0.199109065364
0.977777060387 -1.16406674614 0.433559629179
0.113059657867 0.179193099739 0.677694093682
0.213014058917 -0.44552014647 -0.519529874479
0.896952741612 0.228688167834 0.888223901984
0.536848030213 1.68099559799 0.692343839519
0.593993375298 0.247246642275 0.339345247353
0.439005272235 1.67737873357 -0.436381472317
0.0576074732442 0.532282341957 -0.228772251984
0.763820964379 -0.862158947102 -0.734371360523
0.0818117286068 0.032256791402 -0.345092249669
0.662940575715 -0.418651771382 0.522354682051
1.18347647016 -0.164966115468 0.580607295081
0.00180523197022 0.696924720269 -0.835497482701
-1.24384388089 -0.950024593107 0.837314701985
0.833461586626 -0.221854790802 -0.225699199768
-0.381479033043 -1.64111520757 0.0455620651096
-0.882920101192 0.248714989386 -0.468566321087
0.0830381095199 0.370722744123 -1.24738156388
0.0124244777111 -0.068890469683 1.4193539916
-0.661926272936 0.192185186727 -1.43706406342
0.481700004859 0.0111135332867 -1.21838765598
-0.0807049017467 -0.322828831567 -0.00988424018467
0.605824933499 0.794485887608 1.15182124587
-0.898420051346 0.884377475617 0.112840765337
-0.181175267928 0.534427529942 -1.65483363107
0.523944195756 0.115612187713 -0.815056156209
-0.00993651342975 0.174105173288 -1.15843313521
0.766685842131 -1.69786928814 0.297353399063
-0.856926665031 -0.329005086795 0.523689876903
-1.25062789525 -1.5031753196 -0.301976294628
-0.627757765794 0.194513333187 -3.17665156054
0.877257793373 -0.443189932751 -0.676941090969
1.05457017424 0.491894290308 1.32885675473
0.279482243001 0.652303481754 -1.18338051303
0.807730163585 -0.651715448617 0.498711148589
-0.37045345075 -0.658808277859 0.720299870892
2.12564569867 0.462228417034 -1.12693050924
-1.25013022611 -0.744351963513 -0.639118241582
-0.915950332219 -1.27166799793 -1.0367431283
-0.84395453123 -1.6096477799 -0.777367657707
0.30584372077 1.07117164495 1.20371537652
-0.676498286041 0.162108889606 0.248406630105
0.335788148825 0.00814173991747 -0.567621914146
-1.21407283027 0.194664662025 -0.243458411409
0.0468580041918 0.071559998494 -0.342157737177
0.21662091471 -0.0635653170146 -0.15870963916
0.756935434054 0.854342564341 -0.555441430175
-0.369807228032 -1.13559362422 -0.27076685802
0.386116168134 -0.213109242673 -0.711663908393
-0.782348486696 0.818029913299 0.115599823133
1.25431242707 1.11972657504 0.951574142014
-0.43989741611 -0.910494305702 -1.25645612341
-0.228148315815 -0.225101804576 1.12157542072
-0.178104022941 0.289429841539 0.101826981836
0.288849820041 -0.107961649664 1.9247949665
-1.74582488642 1.01740435379 1.42204180841
0.909658049496 0.69787042499 -0.538190801479
-1.05719080416 0.616771183096 2.26900133531
-0.578615858525 0.673291536816 0.834409903161
-0.311626144188 -0.400435252636 -1.3252134125
1.11963556506 -1.07535273966 -0.238248508316
1.0016834729 -0.673567998514 -1.25747588169
0.172105035069 0.311847796523 -0.498421615089
-0.834004713524 0.619613479445 1.1349010888
0.475259110885 0.422418284086 1.65302357025
-0.856622653183 0.146394103403 -0.658037097929
-1.37820509707 -0.636490057399 0.522957207805
-0.253846258879 -0.51570662782 0.897571961731
0.0379994028443 0.0080047472685 -1.53510029955
1.4154638232 -0.801929779195 0.883855413016
-0.576886227685 0.192330914 -0.845651464853
-1.02742943765 -0.84780641405 0.00971356221795
-0.701145068079 0.466500507831 1.82914110774
-1.19385229187 0.577476954303 -0.00783779383356
-1.12698932511 -0.518087245969 0.863445022012
-1.30335085198 0.482686644786 -0.411010768877
0.547976653424 -0.586236515666 0.44773340425
-1.02311039467 0.128526242219 0.629545006047
0.343560186193 0.426460790935 -0.951845872502
-1.23303476018 0.042997290375 0.186880713836
-0.998407397639 0.805152249816 0.58068976542
0.295082904788 -1.80589290492 0.632841525896
-0.394615624213 0.49506753952 -0.903641904165
1.5955632929 -1.77398506751 0.440652072924
1.31588497908 -1.61794301511 -1.07223963868
0.591903075031 0.708922319493 -0.497610572904
0.242226567569 0.657805343793 2.62377980271
0.650977484903 0.211408899337 -1.21123543916
0.181193836928 0.319713479807 0.605664769152
-0.603614633412 1.53247526093 -0.708674807866
-0.919248420399 0.496239320145 0.0123285549294
-0.383288937063 -0.446120763395 -0.34971322408
-0.833887146527 0.346338790495 0.413100775679
0.841324927972 -0.031109772798 -0.833257976466
-1.26786130277 0.00874457140542 -0.367506281286
-0.163309981385 0.685783919111 1.83248126123
0.131848976229 0.623898582581 -0.596381383084
-1.25697753524 -1.75275205626 -0.0843113629005
-0.781553371905 1.79494667431 -1.39681888837
-2.03941656855 1.3546233947 -0.597103292204
-0.5242955662 -0.437614317244 -1.15032179306
1.14996606569 1.32272025051 -0.409515644571
0.93853689621 -0.977297407957 0.380507241069
-0.0873845697472 0.619502352109 0.808992771178
0.0284895249642 0.862387575635 -1.01153581146
0.840221864049 1.27565838532 1.14481193493
-0.219032267413 0.0416271697114 -0.783577533423
-1.61946873859 0.262648878149 0.407267709733
0.801101323799 0.944270704669 -0.578783692378
0.376194794149 -0.656035839598 0.804593311861
-0.859492260869 0.435237038733 0.669745402092
0.746271586687 -0.742779793905 -0.436590579095
0.0679282572686 0.203184168138 -1.40293438287
-0.714493897567 -1.58340732941 -0.558418206868
0.933028777515 0.223630963328 2.86228533904
-0.482268134944 -1.96464963402 1.93132278598
0.697390296446 -0.221667271897 -0.843423576742
0.268785366897 -0.408469841715 1.06156685363
-0.745839106959 1.93500108668 -1.08438551137
0.668300925753 -0.602715550676 -0.0193531315184
1.17311946474 -1.75312738615 -0.387710392632
-0.828610625896 0.784138776716 -0.0384304147986
-0.705050315688 -1.98875898652 -2.24452535845
1.05067702416 0.803764239059 -0.0642805083304
-0.663888911805 0.259619082482 -0.765459621216
-1.10266823615 0.188504420093 0.782411156953
-0.735392206903 0.575179538076 -0.248069630668
-0.622755738089 0.702772625396 -2.29329768289
-0.0596476975429 -0.759322764983 0.0700607625228
-0.6602724935 0.689235774569 0.507168321043
-0.553929890507 0.362172057999 -0.825867567345
0.142488156148 -0.360669881042 0.331501358833
-0.0682002682948 -0.394158134058 1.00934641882
-0.762135325998 0.351150257412 0.731470433457
-0.192071513356 1.45801617813 2.72934947871
-0.983005547442 -0.167416513643 -0.613298157962
-0.10461278461 0.755605815792 -1.18963565273
0.275864743745 1.41481056276 0.211822491746
-1.33668369832 0.106960064493 1.80648402164
-0.457266906961 0.512230702746 0.0536676430464
0.638043148161 1.44873448634 0.0492235480296
0.918243976582 0.358551141738 0.869953284737
-0.0897517164443 -0.091550283715 -2.98719276673
0.862701492997 -0.755301651086 -0.301260319032
0.843169216649 -1.82633471997 1.15495408187
0.212235197848 -0.747931841577 0.901017106776
-0.255572930148 -0.152201873183 -1.37735540165
-0.725512851522 0.222497461757 0.543579513573
-2.30500288024 -0.783926183021 -0.740975192191
-0.599163542896 -0.41088023376 2.6092025437
-0.347027319697 0.631782096518 -1.63977840385
0.0463257295995 0.045402830026 0.0843403159434
-0.864534044228 -0.144722928049 -0.645083103592
-0.0620567987431 -0.0544361720504 -1.02671085549
1.06993245057 1.32534346037 0.755345797732
-1.25230953812 -0.397783584351 -0.147295956664
0.117211083949 -0.576684743117 2.14063282591
1.3514877593 -1.70824803782 1.6010491172
0.347158634193 -1.04952487285 1.78806323637
0.472172433814 -0.784782378991 -0.362045286361
-1.09977340765 -0.789349033373 -0.119395959564
-0.283864818192 -0.999191618651 -1.30424676575
0.288279917055 -1.38500511539 1.06721657337
-0.477071813834 0.0393817931861 0.617843142436
0.0526073112764 -1.49357499275 -0.455970590127
-0.814606280363 0.710789830008 0.10905321809
-1.09790706586 0.622535462435 -2.16378772583
-0.635728772294 0.47845375945 0.422801253104
-1.70015223901 2.0824666133 -0.772134476046
-1.08258494848 0.403958165024 0.229710962684
0.636473235741 -0.13805987135 0.0150840114306
-0.815437703448 -0.401336431956 -1.17134620435
0.374415033317 -0.668399109622 0.492902789235
-2.0481910395 0.848234116601 -0.58974470047
1.72880688303 -0.578315429339 1.38771479266
0.104605944303 -0.231842171984 -0.651262557057
0.857054464279 -0.487010262661 -0.624555751812
-1.18805780404 1.31100573739 -0.0746578382568
0.660524237501 -0.283460640392 -0.896566463999
-0.338464233561 -1.52209490403 0.526358806362
0.566268365669 -0.964579433168 -1.16547660552
-0.609504426992 -1.50690603448 0.737843569766
-0.832314425356 1.77115874741 -1.29865757513
-0.512280895297 -0.789785947365 1.54705973536
-0.194514470702 1.18029467581 0.190523410474
0.500264544852 -0.443559557119 0.769444587578
-0.245662110249 0.309457958474 0.729693561578
-0.721923775856 0.311935514808 0.293045548603
1.64604274831 0.257872746846 0.207885457123
1.6298079539 -0.404018679185 -1.87940035853
0.108829533444 -0.513284384381 -1.20999739224
-2.1550859209 1.38498696309 0.254169258753
0.0351655689348 -0.512935736399 -0.0880901043225
-0.424370469875 1.77235448414 -1.21211490831
-1.01749878416 -0.858976633016 1.16976531121
0.337387658209 -0.426098399401 0.342766444184
1.45777168552 -0.0285539331565 -0.0795065840634
1.05418700066 -0.604049229744 -0.495150757171
-0.452745125383 1.32625846253 1.42766482807
-0.833688919675 -0.824075640744 0.870187345178
-0.0446620176186 0.136471207025 0.329308589798
0.44084656611 0.162501507024 1.54537486674
0.846127639157 -0.799208685677 0.0761443955979
0.979525436626 -0.51638856395 -0.640660602444
1.48736259943 1.39122737668 -0.171468911173
1.09423132208 -0.41093198554 0.00600556615744
0.330293800233 0.499953137857 -0.570431230607
-0.852614585916 1.5321277254 0.488462274657
0.210770749422 0.560924478092 1.20317089952
0.175567427207 -0.3959870495 -1.34871945154
-0.759904391946 0.54878404818 -0.503537388643
-1.15917111947 -0.880498097189 0.843266862418
-0.478496568098 -0.281600707685 0.256085978966
1.05845080269 -0.376325978681 -0.448253002163
-0.793993672277 -0.671002159393 -1.05002561746
0.493775244336 -0.0100226901451 1.33124143418
-0.112625569535 -2.23195152766 0.703511571504
-0.405153309052 0.398314787629 -0.351436540383
-0.341884823978 0.212184937575 0.580857079681
1.88373023699 0.981029808873 -1.40670185457
-0.283161712499 0.192998530596 1.05425641784
0.759964292 -0.458741375491 -0.828619026201
-0.247795378078 -1.36995044035 -1.09973839321
0.818200376476 -0.968183620366 0.428287745671
0.343269642072 0.0798937541812 -0.653321135239
1.1435954108 1.36701587744 0.389480179402
0.860749152078 -0.798368384201 -0.236031792339
0.12166829557 -0.413562673613 0.46582494619
-0.723064626359 0.649187178557 0.470447560559
-0.471627276714 0.808334114004 -0.824987103264
0.094968857958 0.514437861588 -1.01226743735
-0.813871831183 0.843452440198 0.246652582015
1.96330005796 1.28992677417 1.81889275248
0.821939740616 0.630414963622 0.0555088456352
-0.487677294504 0.808098304628 -1.40614084217
-2.04467838241 0.327749740448 1.24751952447
0.909845358841 -0.685246783207 -0.434991789826
0.988963281617 -0.691203470883 -0.465598649681
-0.783963100857 -0.743991226191 1.3697647745
0.00158488904504 0.168845997696 0.738255993146
-1.56788806123 0.876800272617 1.63205434746
1.09396909588 -0.0832624849433 0.507330405694
0.303629156645 -0.247524945425 -0.0595099226229
-0.646178737941 -0.756542674707 -1.0393322855
-0.184584577896 0.186612855592 -0.969313808833
-1.07325857146 -1.06049467796 0.563313352494
-0.306513355181 0.304398760044 0.746342428764
0.233057022552 0.990071561314 -1.51969621828
0.48837538432 -0.310820189831 -0.997056893257
0.439857859268 -0.265431551378 0.387707864254
-0.0398703450435 0.325856039125 1.28507646892
0.946163919156 0.459801823513 0.160716123632
2.54460428086 0.735022625213 0.997465235676
-0.925638395303 -0.0728354042338 -2.07212519861
0.280075322859 0.854154069278 1.42536106355
0.237802481555 1.51459219996 -0.479739792094
0.0202952435751 0.220643410449 -0.710241029951
0.228448809747 -0.214354932456 -1.36200407165
-0.367428285726 -1.39509526269 -1.28875752704
0.0308273126602 -0.512579582146 -2.897146402
-0.138593824744 -0.193738239844 -0.285033045542
-0.836131269358 0.259328035196 -0.234458875474
0.766269877966 -0.836248532044 -0.149421723527
-0.566425090804 0.54695022189 0.299004492319
1.04241248384 -0.238783086486 0.241076959822
-0.225682315 0.0546459506385 1.34376543939
-1.06567359327 0.79893024043 -0.510878164305
-0.750599637826 -0.424822971933 -1.10109640164
-0.703538626649 0.219973348993 0.918669015582
0.0453517326917 -0.0241629505861 0.780989365459
-0.33075745331 1.80081077967 -0.175889435369
0.911639741087 0.0402240878395 1.27582993204
0.363032348129 0.699039974973 -1.5103090143
0.881634600057 0.342057831317 1.41967039464
-0.150941550871 -0.681961497632 -1.41223807004
0.842370455117 -2.30344901593 0.52761546643
0.545425447028 -1.83204630344 -0.0461544328858
0.741340495735 1.70888976216 -1.04120396224
-0.437679709516 -0.537130158545 -1.08361768825
-0.979355150768 -0.979332615433 -1.22652370528
0.522489628662 0.531731509503 1.31222417268
0.00479021847565 2.06935142089 -0.735204046612
-0.230775172994 0.53858169452 -0.392419387702
-0.386367281022 0.020692626006 0.0303069497895
2.14284384916 -1.00479549677 -0.559750477389
-0.21328374562 -0.948147994173 -1.30634916811
0.931097597584 0.917301159685 -0.137844361955
0.311272078854 -0.0127877634072 1.03199197224
0.277878258915 -0.061550201371 0.329683988044
0.411094550987 0.080209905418 1.01894681867
1.10561174826 -0.59976567157 0.125326630494
0.710377393588 1.03924808485 0.370637798817
0.83586497084 0.15642291315 0.704503464828
-1.01041845677 0.0538796273784 -0.376567280819
0.530315319953 1.27187134341 0.744948637669
1.15323013634 1.39459511058 -0.514951830397
0.16687654006 0.00771505089418 -0.664922255561
0.781376872636 -0.309476261506 0.598507707382
-0.737807941366 0.357592591152 -0.309949154948
0.025095897382 -0.316915180723 1.06098716382
-0.365525484135 0.0691845445523 -1.7192319598
-1.0175130532 1.14358467538 0.0691770533512
-0.182310354211 0.136226095322 -2.00278509493
0.811732418596 1.2440268458 -0.190322054574
-0.268034013009 2.28191581974 -2.03295386742
-1.72178085598 0.209640239979 -0.118344853698
-0.342110778501 -0.255497745306 0.83269703654
1.37515150165 1.49290249502 -0.185619192448
0.171373773582 -0.20407960985 -0.293938490503
-0.0267955551443 1.26747017166 1.62620311068
0.0295763152688 -0.186620006487 0.363180981067
0.792342910373 -0.233249289248 -1.39226103002
-0.571830451382 -0.546346375089 1.02791889416
0.756743991129 0.863866010791 -0.292667909816
-0.089068400661 -0.395821048067 1.13903020743
0.494680325694 1.68233831682 -0.0745049344949
0.286247580815 1.25089555314 -0.671832071072
-0.696401438932 1.07391610094 -1.29980890904
0.578723204981 0.412414698393 -1.60426749768
-0.485828888521 1.82415531485 0.3486605224
0.207446435013 -0.327332148976 2.03298625844
1.23534908595 -1.24061394922 1.23040556822
-0.675043051036 0.52700043166 0.24809781289
-0.845659879063 0.0786359030678 -0.569317607752
1.11669626802 0.192965412023 0.526738666801
-0.934524512578 -0.285259554339 -0.0446844413454
0.12546865511 0.503329458555 1.33495955561
0.986620158126 0.371806373019 1.3743837268
-0.582119399286 0.392393544483 -1.75361249543
-0.101641537689 -0.315211315281 -1.29041149534
0.00525742141261 -0.215392595587 0.0819521901941
0.243967803921 -0.57521258185 -1.49871205791
-0.235161799563 1.31007996172 -0.0188549043169
-0.375438022593 -0.968055449973 -0.899604623928
1.1826655802 0.26421285442 0.465823945709
-0.871035893989 -1.86889546566 -0.615564402924
0.610073959827 1.15515445231 0.0947495305424
0.670025060446 -0.941894143498 0.0084677862383
-0.0135421442164 0.358057539872 -1.3551727312
-0.982285031269 0.156662377098 -0.246063038695
-0.936500722889 0.673951066017 0.0886184610132
1.13766634532 -0.22892459252 0.21003895363
0.0757025789727 0.53159027883 0.994896960912
0.127162815561 0.243448501722 -0.610601716883
0.133686196708 0.199318519809 0.0792820822343
1.85070789282 -0.767030429071 -1.35792961119
1.28359111979 0.114501648677 0.175150878018
-0.329621889753 0.157335421398 0.435481109487
0.725577348962 -0.0227284423462 -1.30783936271
-0.60256961239 0.358690079976 0.0535531252408
-0.312465887087 -0.379311999861 -1.73411898389
0.121415562767 0.972718172619 -0.0734188811388
-1.02331030391 0.0353348833772 -0.384483441643
0.217805312382 0.676548800561 1.1075847434
0.689713947668 1.49596765681 0.94725506636
1.02799327535 0.0026699061301 0.607812556408
0.394294770221 0.352960553149 0.903610900247
0.550733597448 -0.924966063247 0.744233772732
-0.249124389344 0.257250084022 -1.05861071777
-1.07776891914 -0.202749692972 1.03590633337
-1.9626998801 1.23387983426 0.106364863141
-0.648276188186 0.563202423087 0.492127696659
-0.910097151466 1.82805306261 -0.158160746875
0.0551847518505 0.175967679615 -0.726084975161
0.0269848463103 0.322629350506 -0.71592529136
-0.92652810099 -0.944138589349 -1.17255469857
-0.213985629981 0.407754592132 -0.317992801167
-1.2400053083 -0.572462528035 0.893597739773
0.962909626833 -0.260736564493 -0.685383990072
3.37251682668 0.222611116771 -0.564623411081
-0.318789517365 -0.17223530181 -0.418834326159
-0.728749410009 -1.05453437445 -0.840042180192
0.462994214158 1.39089724714 0.945734477442
-1.1031420929 0.163555724007 0.495890239531
0.697300039887 0.143241607362 -0.976161183653
-0.961362578289 -0.480650207166 -0.164135755065
0.234645036412 0.562496865707 -0.4543013307
-1.96117769284 0.351388636581 -1.47368130996
1.59343870297 -1.94767535881 1.65596515003
0.984591979305 0.876634934046 0.582694529447
-1.13177460945 0.67346412051 0.166662579632
1.85088862163 -0.0682187146332 -1.09999317971
-0.274274151188 -0.645763933947 0.0962445472759
-0.345819607229 0.531396980897 0.722417704626
0.0675816078664 -0.225651979149 -2.09673486634
-0.390487393963 0.172432365034 -1.94451800348
-0.41086643793 -0.431325035037 -0.141278656405
0.568717393927 0.714578256889 -0.540381340956
0.674249872193 1.52685555113 -0.442005714596
-0.564918546386 -0.0821993088497 0.420379111649
0.470075640218 0.168783334107 -1.054931693
-0.191669342229 0.966190544557 1.12524905208
2.73393058032 -0.0602357849486 -0.462659599853
0.974798552982 -0.75896038265 0.64532753332
-0.0132513053106 -0.332568543412 -1.26619062115
0.377180486069 -0.408689491134 0.904274196711
0.145999153435 -1.59767049019 0.863368014198
-0.547388679694 -0.0691639252374 -0.124111585303
-0.942178778011 -0.693906376905 0.233752875201
1.09803695212 -0.363246909881 -0.367974988069
-0.253864849149 -0.465135412783 0.95862308732
-1.34719094604 -1.89428642455 -0.294734824755
0.534360500539 -0.58895831704 0.97278045092
-0.536138637971 -0.253318182496 -0.333959263587
0.920182393831 2.8737364551 0.914999794025
-0.280597931465 1.64050098227 -1.6529517004
-1.08562432251 -0.759699981122 1.10942958723
-0.362646186819 -2.08245027294 0.0259565866914
-1.25410761919 0.965251433491 -1.02354957706
0.205495375291 0.12972875194 -1.10987957237
-0.20024271645 0.295489458062 0.6125716565
-0.884912247581 -0.556835385704 1.07487590372
-0.139079755994 0.878866409655 -2.76900404564
1.77366212128 -0.547430841172 -1.16744926368
-0.377823213719 0.00729843726146 1.39421060134
1.38073581719 1.57419403892 0.201823249425
0.841541943215 -0.577591911734 0.99118231884
0.542606460047 -0.356500509787 -0.170045719225
-0.983675176552 -0.190780043297 -0.578423285768
0.357156381272 -0.664723857969 0.388702348076
0.0199186097922 0.666893984428 0.0189956672588
-0.545234699262 0.811278434627 -0.802659163606
0.237169463532 0.0183713552074 -0.860812404534
-0.0187010369342 0.00244626753553 -1.0656245539
0.070865348812 -1.89240735201 -0.212432220912
0.593021311012 -0.405856395441 0.489468208138
0.708716116449 -0.2869897714 0.351246666713
-0.432809592835 0.375190668225 -0.57509059394
-0.97400082572 -0.185236536499 -0.884450419752
-1.72205577201 -0.287058088019 0.252348249591
0.200057808683 0.025941608386 -0.646673160119
-2.16467643966 1.04870607902 -1.49236604409
-0.183179863339 -0.972807299746 -0.0559867412692
0.332617694199 -0.514237685554 -1.88367144599
1.01034473714 1.01095992966 1.12669400398
0.616074171927 -0.199099673545 -0.29948950736
-0.286481918245 -0.217319479129 -1.73837092751
0.3399353855 -0.418803686233 -0.0715615365359
-0.220338594861 0.174754169049 -0.399202428115
-1.07707190973 0.481951397651 0.549784629799
2.28544082215 0.773992685484 0.747000695384
-0.960509328767 -0.329248241613 -0.75900189228
0.569694151764 -0.303964162827 0.240633800024
0.562710885249 -0.305061992384 -0.125436158849
