0.5443168506157058 0.5439798636326073 
0.3165161388304799 0.3160354450488786 
0.24168389946736354 0.24123287650955538 
0.07774298761367573 0.07758001174507206 
0.19052671628231468 0.1901262593040875 
0.19396869773931175 0.19356393545062764 
0.6601401081392066 0.6599996338880334 
0.2329492559184933 0.2325049389880879 
0.18856739147197502 0.18816944815555722 
0.15934400493035727 0.1589892849638988 
0.15356253517675159 0.15321772212973325 
0.11716482486072391 0.11689413640816729 
0.147151216994771 0.14681795371520664 
0.40839138196416613 0.4079312356372341 
0.07439636044938397 0.07424412149064244 
0.5102866151365271 0.5099091638157407 
0.37594620451546285 0.3754724575901523 
0.22363563554908172 0.22319930384098194 
0.6296119169726548 0.6294077081628114 
0.14176634456362172 0.14144325539441172 
0.2773019249860098 0.2768308898629723 
0.3870127380144445 0.3865428923160833 
0.11777390907559487 0.11750179857583543 
0.19649830231658022 0.19609046461001814 
0.060939350573386675 0.060833240520442616 
0.3515366772727149 0.3510571378458066 
0.5521220304501435 0.5517952425409053 
0.49643279051113753 0.4960406968574801 
0.6286203010516435 0.6284142258807743 
0.06245929532209166 0.06234772604385311 
0.6421698499894005 0.6419902264149836 
0.06280976590627954 0.06269694718194443 
0.07150993157144686 0.07136718033567382 
0.35895062227120617 0.3584724241320167 
0.44312812231643117 0.4426895665068508 
0.6411792853637046 0.6409976529815042 
0.07854897493343868 0.07838345461118434 
0.27628959583050516 0.27581897514554465 
0.6371836567845953 0.636994048897098 
0.05301149423626267 0.0529349645077464 
0.5958231491046521 0.5955602604075432 
0.30560152833254667 0.3051223085563209 
0.330846448493709 0.3303651677558781 
0.27895593435025673 0.2784842406976683 
0.06608555901610688 0.06596122838988216 
0.2394473693659374 0.238997992825145 
0.09481364527037472 0.09460001427312106 
0.0997641205778918 0.0995369976802507 
0.6273308982969322 0.6271224112596815 
0.14357045819188594 0.14324391126753264 
0.578433182064711 0.5781434241971637 
0.5110593382135098 0.5106827345962853 
0.2653511124043485 0.2648855298838937 
0.5616469685202354 0.5613331058681154 
0.3189039593200063 0.3184230627981651 
0.07495601322212081 0.07480195924832383 
0.560364473625381 0.5600488395329545 
0.5715945720001094 0.571294784974256 
0.6034901298489118 0.6032397516350133 
0.09156861968825061 0.09136411392196139 
0.2108728174891012 0.21044888675552073 
0.12941623564287988 0.12911819294921478 
0.3605554927148462 0.3600776335277427 
0.037206193287098704 0.03719472798108692 
0.35577576969909347 0.35529695181154997 
0.5076370574678841 0.5072567243820174 
0.23300137000119914 0.2325570108410902 
0.5440917034465422 0.5437544274369595 
0.18408473196471858 0.1836927138641173 
0.4288446862933566 0.4283963991930704 
0.04359508871826767 0.04355627815599877 
0.6470261945717626 0.6468566160345853 
0.3966806870005978 0.39621487945576794 
0.05208804920457691 0.052015090249654644 
0.2229803905561422 0.22254465388688657 
0.1467474350676737 0.14641491950077287 
0.6390726813426346 0.6388868192059931 
0.4172926210607677 0.41683733134869505 
0.45041910127342755 0.4499859630582109 
0.11984516681856536 0.11956827016408747 
0.5326098566381762 0.5322582211705947 
0.6329174962599209 0.6327195836600137 
0.3977899998077694 0.39732469262043635 
0.6405725602396433 0.6403897038128623 
0.3093816935209029 0.30890186063312675 
0.4312024345530727 0.4307556725935754 
0.27824259875740565 0.2777711862883535 
0.1980399158165384 0.19763024027935489 
0.2788967585274029 0.27842508803813915 
0.3674677729294543 0.3669915688487134 
0.5622231563154261 0.5619100927030469 
0.04181465757300107 0.04178331839660776 
0.18155788180756965 0.18116931217762033 
0.24589719054390394 0.24544319596428915 
0.47204068506580876 0.4716253719308131 
0.16809475088834722 0.16772591824153224 
0.3965255740026687 0.3960596970972666 
0.20402341165715007 0.20360686021778293 
0.48158870658119346 0.48118209234779863 
0.5165595262713237 0.5161890513636622 
0.16692642136802688 0.16655941292820983 
0.44139544491871985 0.4409556461424767 
0.34962143413261854 0.34914160875273437 
0.12055451881507537 0.1202760005404587 
0.2888249814170049 0.28834983172197126 
0.04537643479571177 0.04533026039336016 
0.4508743708352538 0.45044158091013176 
0.3074964486900549 0.30701690786141633 
0.15679282021780816 0.1564424135178362 
0.6385661377657654 0.6383792669138266 
0.48295454317261116 0.4825492144246373 
0.6332589086796634 0.6330616531001824 
0.5835223442504085 0.5832402423635143 
0.6229056373438987 0.6226889969706212 
0.19182052663108948 0.19141843489161245 
0.3023624944995137 0.3018838877823793 
0.6219525316600459 0.6217341595856964 
0.6328542421127241 0.6326562079263376 
0.12438148506428989 0.12409437001148033 
0.49490504913894645 0.49451140520718584 
0.059500761753650044 0.05939988010941352 
0.3394044353042104 0.33892351139494326 
0.6118657835822499 0.6116295782044814 
0.6151919621316538 0.6149615409782723 
0.13786991105604585 0.13755446166372912 
0.2597691085655848 0.2593065001722582 
0.10106469975007698 0.10083411618504387 
0.10917502252636413 0.10892361812261447 
0.3789906751945271 0.378517923814508 
0.541957764654099 0.5416177635691897 
0.14993233408771015 0.14959398664645007 
0.5807905117825124 0.5805042794856877 
0.6466340948020536 0.6464636925215786 
0.6418713167445422 0.6416910863923269 
0.3060761969160015 0.30559689412155205 
0.5509085059421179 0.5505801093068096 
0.6366583033650771 0.6364676614164191 
0.6403831575138657 0.6401999199499426 
0.4740277497809996 0.4736142054849951 
0.24243593699328914 0.2419843712222262 
0.07798446764116992 0.07782072776749635 
0.49596322396865933 0.49557065245940146 
0.4752914922833043 0.4748790843082928 
0.43626625818726145 0.43582288069935626 
0.12251400548471161 0.12223105365296247 
0.3436878874865874 0.3432073360153114 
0.4063673395981239 0.40590615525703133 
0.5433273411470584 0.5429890860602042 
0.048387182814830954 0.04832880901124628 
0.11011730020496316 0.10986355954420246 
0.5370272623644687 0.5366810635273818 
0.1790156941895527 0.17863067410153702 
0.587842534968251 0.5875670647250886 
0.5698475257184359 0.569545223146674 
0.6025736974626638 0.6023218012118449 
0.6049081138261365 0.6046600968894249 
0.5088462062327531 0.5084671834858304 
0.24276672454934656 0.24231492173263594 
0.6552837804902528 0.6551321403875687 
0.265380349988759 0.2649147526165577 
0.2789064157971338 0.27843474152569514 
0.1087933308493606 0.10854287761271944 
0.03565333915401814 0.035648750372155036 
0.2032355594181778 0.20281989017890537 
0.5397004293660523 0.5393575737245451 
0.16780733146173166 0.16743894589644903 
0.4904279005726821 0.4900297871717866 
0.1703956232745397 0.17002325111805378 
0.03660033595402959 0.03659154253808422 
0.20531712824237036 0.20489914322907835 
0.06770046212167463 0.06757056511282775 
0.0631617330239195 0.0630476630173257 
0.20987117467927394 0.20944829088123385 
0.10188930823117642 0.10165654825273415 
0.15170309690994616 0.1513615716833243 
0.6438688495124353 0.6436927022059263 
0.6393009984123392 0.6391155919828365 
0.23829698415837636 0.2378484732892948 
0.2235895886881566 0.22315329865136166 
0.6316643477541999 0.6314640344973549 
0.65781573143694 0.6576698478709033 
0.40388799592935887 0.40342557383513034 
0.5599629270634595 0.5596467403417075 
0.4512174744640014 0.4507849477940985 
0.48627546325199655 0.48587330287867214 
0.16994162698004894 0.16956994768020386 
0.5579625663796915 0.557643640850577 
0.09894235252911462 0.09871743405388048 
0.33767908942433483 0.33719805181403384 
0.09354898214026217 0.09333888053274675 
0.2693389214542685 0.26887138235860075 
0.22685528519265774 0.22641609369775376 
0.5135761586766188 0.5132023388394211 
0.41903458035962804 0.418580296280366 
0.21205307552904412 0.21162792515941112 
0.05027531616045969 0.05020944570093083 
0.20624066389380763 0.20582166691391943 
0.5427746379832239 0.5424356770038348 
0.5086762152082194 0.508297007759512 
0.6352707172808834 0.6350773597413669 
0.5930837742361856 0.5928165174693762 
0.6613540995213282 0.6612165023025668 
0.5636556601235135 0.5633445916459785 
0.6312201610422195 0.6310190009280089 
0.13978003460600366 0.139460810431088 
0.03795083281228018 0.037936102719659776 
0.09027413311644772 0.09007333127428244 
0.42402594510129377 0.42357464172670445 
0.19664144848810963 0.19623343897340043 
0.609235777495534 0.6089950624928051 
0.5198377510720049 0.5194710082104048 
0.5488611526150757 0.5485300611431492 
0.4936985617864368 0.49330370261402723 
0.5073747306265208 0.506994114319472 
0.4028269436386314 0.4023640032361695 
0.27763969062788046 0.27716851915349505 
0.1945137724162888 0.19410834113151054 
0.4917472987424094 0.49135049104801043 
0.6292528106608382 0.6290479247937192 
0.2157621558511023 0.21533327035427596 
0.14203642828781618 0.14171281829770327 
0.4635205192099121 0.46309787004462477 
0.4742678702446874 0.47385454117839165 
0.3531273258645376 0.35264804291330765 
0.35181920837291153 0.35133971324525504 
0.42046715262508594 0.42001370901769175 
0.46874943960406534 0.4683312448200686 
0.6445942614954234 0.6444196106253224 
0.3541996464339783 0.35372054606855385 
0.494755973425848 0.4943621789045771 
0.40288956425411904 0.40242665425080176 
0.22990542178694984 0.22946361830550766 
0.6066308268176068 0.6063856991832449 
0.50226311700867 0.5018770572767378 
0.6263060475345872 0.6260956553418008 
0.6315531932150903 0.6313526678400068 
0.39465566887895026 0.3941889674976803 
0.5944853331181099 0.5942203046565072 
0.10425241766670706 0.10401349614740082 
0.3559774647712641 0.35549868424131154 
0.2377457071701382 0.23729761569399765 
0.41325621282764124 0.4127986621476377 
0.06378158142750093 0.06366531627803004 
0.2773703610403014 0.27689929821278514 
0.5160893973100045 0.515718392045983 
0.5701389000165609 0.5698370156882389 
0.6128373920861803 0.6126028668728841 
0.4585736853993955 0.4581469625767205 
0.049889713064789065 0.04982536413121555 
0.3013566174076863 0.30087821768158574 
0.47115721365876745 0.4707411211016115 
0.6191107815375189 0.6188872955435175 
0.33807034013919385 0.33758932647517315 
0.2846155942598385 0.2841418203018797 
0.06469929005932942 0.06457979467331595 
0.6314522902927194 0.6312515724775001 
0.1260999687090826 0.12580907554489615 
0.3683376629633463 0.36786168945633546 
0.4459601030404168 0.4455236156686829 
0.2946386938657728 0.2941618806350101 
0.2515880084167373 0.25113026562726426 
0.45523007075039146 0.45480067216098363 
0.5491870204594136 0.5488563562970401 
0.46418337718732106 0.4637612842646772 
0.44509665942504234 0.4446595365667323 
0.17078500606555663 0.17041204182115113 
0.43029888357390644 0.42985153332295045 
0.09179710050273385 0.09159194478762858 
0.3476906313876371 0.3472105431281655 
0.30626358216431854 0.3057842470750394 
0.053308447621040755 0.05323077534281409 
0.26449191408001466 0.2640267713648347 
0.0673070849910834 0.06717853738801277 
0.37051804450590015 0.3700426706571688 
0.5197165005529342 0.5193496186000954 
0.41432996534246747 0.4138730066477357 
0.17696357455960077 0.17658147907516877 
0.12075148579376777 0.12047251881561802 
0.6423103888479337 0.6421310513358105 
0.14861472476554105 0.14827877176485163 
0.6010349612140333 0.6007805301397688 
0.5206188058864905 0.5202529609484841 
0.30287876510109657 0.3024000552096677 
0.4241244601516969 0.4236732170819886 
0.5054264314559371 0.5050437234808137 
0.6018563457171933 0.6016032655641991 
0.565872825022153 0.5655648687717335 
0.39805898216793484 0.39759379744506135 
0.3417147838974311 0.3412340449567107 
0.657105500348924 0.6569579883365754 
0.5889020603625736 0.5886282354716491 
0.49822559315190973 0.4978353350663362 
0.6478170715707844 0.6476491616998663 
0.6563128132466713 0.6561634965125317 
0.14244655586609278 0.1421221571447557 
0.05814949190980201 0.05805357652172691 
0.47737630167872275 0.4769657875970641 
0.08495278913830465 0.08476760557242685 
0.04871826668254592 0.048658569872791296 
0.05088892412128854 0.05082064239681355 
0.29046218182782224 0.28998653608044445 
0.1522735760313351 0.15193103677006584 
0.28280492325096696 0.28233178587760954 
0.0663017655753558 0.06617668559396989 
0.12233094077528045 0.12204840030658187 
0.5088511005278173 0.5084720831010834 
0.04881084197231114 0.04875077588106336 
0.09128666657895379 0.09108296444108857 
0.6560676303619966 0.6559177580832485 
0.4509913772631575 0.45055867703951447 
0.2057890684374374 0.20537056511019167 
0.17857801660920233 0.17819361581492676 
0.11906042481613074 0.1187853325082461 
0.06935983470820556 0.069224291258938 
0.4517993604015772 0.4513672817193889 
0.5779471926604149 0.5776567123631544 
0.6586462447506696 0.6585022795995823 
0.547201138100001 0.5468678793217168 
0.5845000086984131 0.584219396792414 
0.519671728328405 0.5193047950360957 
0.23104947142899043 0.23060671239480823 
0.16064920639604371 0.16029231491700022 
0.5824041747000428 0.5821203763436706 
0.1748580165108872 0.17447897748544436 
0.18980571936669674 0.18940618203096424 
0.2210788180535202 0.22064483338498903 
0.0588919926951916 0.05879334176401141 
0.13993909518568898 0.13961955925124833 
0.3478898568289923 0.3474097945107449 
0.509227572899944 0.5088489650996131 
0.177433001167446 0.1770502319672472 
0.05793782817156998 0.05784269559622232 
0.6212668918790087 0.621047279246802 
0.4870266551903121 0.48662521991254004 
0.42511911938603675 0.42466848837268856 
0.6404032088862835 0.6402200116501158 
0.045628010048853196 0.045580804508068784 
0.34025719359798595 0.3397763336097501 
0.13550139522438073 0.13519070651113066 
0.21108842745588235 0.21066427279070082 
0.6421773564787988 0.6419977481769003 
0.6132773392448454 0.6130435773652768 
0.523941200975869 0.5235792132251018 
0.3858560358344638 0.3853857460768304 
0.5525542441709858 0.5522280312907789 
0.5103455177254421 0.5099681309073556 
0.31816747215255947 0.317686633633927 
0.04818520074240637 0.0481276358393653 
0.07408438902564743 0.07393316526089341 
0.4775920457399956 0.477181729016269 
0.6008379652311912 0.6005832108983481 
0.3285621840832735 0.3280808965565568 
0.5569466642535974 0.5566263568168985 
0.41061030973581814 0.41015132971859547 
0.640505216272382 0.6403222242757087 
0.2017012687208738 0.20128733755298567 
0.12519519429690512 0.12490628400359569 
0.5961570606493417 0.5958947079901479 
0.47871158376254985 0.47830229529285484 
0.42188959206678467 0.42143699496519627 
0.3085540730960481 0.3080743650720116 
0.6238194168500302 0.6236044446908694 
0.10720346392483379 0.10695700265423416 
0.5830947252021657 0.582811973577551 
0.4063814993514889 0.40592032218619795 
0.5270993778216642 0.5267411132639481 
0.43779747566074795 0.437355150710295 
0.22074619684005448 0.2203125224893908 
0.39704374246442103 0.3965780978431147 
0.6470603459129974 0.6468908392331759 
0.13598373788484078 0.13567207243098445 
0.21591497010776195 0.21548593388026518 
0.36246392115720827 0.3619864873546765 
0.6440907073556821 0.6439150169274703 
0.10166837722422062 0.10143619901037093 
0.6082341971431133 0.6079917792371914 
0.5439635581724661 0.5436261177887665 
0.6448962930638272 0.6447222674505018 
0.6168024067723196 0.616574819567768 
0.12887355785976498 0.12857667250516563 
0.17432623195213634 0.173947973866269 
0.16598390605812743 0.16561838256190936 
0.13432341100290165 0.134015123376483 
0.6615077719165849 0.6613705415688033 
0.6050114911658703 0.604763646972035 
0.5451168317865979 0.5447808740931449 
0.18476526586317737 0.18437233246467813 
0.06351431221628001 0.06339899225452561 
0.17756427416859918 0.17718131706762796 
0.5378204601739962 0.5374752491491899 
0.344973759028589 0.34449334428868433 
0.6455635303523152 0.6453908906930784 
0.4201101243600499 0.41965647015496643 
0.23910496531686715 0.23865584509654655 
0.17316678240667424 0.17279023965743803 
0.49527025103102446 0.49487697652455387 
0.060351235095075145 0.06024725522215507 
0.1336098706531242 0.13330304830814474 
0.053465539978668375 0.05338726439394925 
0.6260946532887508 0.6258838694119646 
0.12143657925788578 0.12115605690341069 
0.27565255483373763 0.27518219939670346 
0.5027822447398095 0.5023967312977748 
0.4190643972405794 0.4186101305309391 
0.17397145093888625 0.1735937158853284 
0.40606975815833307 0.40560842329101476 
0.3471493403117729 0.34666918294845994 
0.37096334454163665 0.37048809697040896 
0.28852818457759605 0.2880531271390509 
0.464743250179509 0.46432162898749746 
0.39886799280142216 0.39840317908814804 
0.085614901484701 0.08542773965815953 
0.1430387548993166 0.14271322185275684 
0.5467211388217743 0.546387256303188 
0.48634720614783356 0.4859451148911125 
0.07245488977593789 0.07230900889812633 
0.40652570352780837 0.40606459951053386 
0.2962020123919406 0.2957247980766289 
0.3837971381088598 0.3833260787838807 
0.20116774729533735 0.20075442674302002 
0.5664257440823629 0.5661185685741434 
0.4679102785704581 0.4674913586792525 
0.6542861509866107 0.6541322786396229 
0.5063429903224645 0.5059612637592531 
0.4688526902614757 0.4684345849652071 
0.6350743288209475 0.6348805887412663 
0.5448729631878632 0.5445366913362705 
0.06535424824751077 0.06523246179301237 
0.6105543124648909 0.6103158513876236 
0.09145470678507273 0.09125052548669427 
0.6446557521257059 0.6444812284459764 
0.09995029177445078 0.0997226713872445 
0.47079701458768664 0.470380605494892 
0.46516974154128343 0.4647484808692335 
0.6456236784238283 0.6454511640194616 
0.16706768131253902 0.1667004513427808 
0.6064707108729908 0.6062253137347375 
0.4207948180218198 0.4203415683538102 
0.5072079749689868 0.5068271788204672 
0.45928638143052647 0.45886023706163104 
0.09877902244366765 0.09855454375966244 
0.39498870653106566 0.3945221504125684 
0.48066296159651156 0.48025548192083317 
0.6311087028735627 0.6309073305912958 
0.6568743181679679 0.6567262784448641 
0.3124842671770956 0.31200401263957545 
0.40071022319452076 0.4002462692847112 
0.3122602328497968 0.31178000631219815 
0.5054603607437406 0.5050776890165223 
0.328645707060127 0.3281644191187713 
0.03645192252228041 0.03644378576961127 
0.44891185250379306 0.44847756958215856 
0.44081623420150173 0.4403760237456013 
0.6571020684829751 0.6569545486284689 
0.34112101709457093 0.34064022705071806 
0.2116091313315136 0.21118443794623176 
0.6312294958478414 0.6310283535090633 
0.09983035894529921 0.09960305896330551 
0.24703925770575064 0.24658448660482302 
0.6130975989091598 0.6128635249767841 
0.2216852975979438 0.22125075007960993 
0.170761615817775 0.17038868708389335 
0.5554058761310199 0.5550834843448983 
0.44847927902918716 0.44804466995817793 
0.06240301419107411 0.06229164588286204 
0.36266429370377584 0.3621869059663667 
0.5116733413224638 0.5112974136258652 
0.37532828785494887 0.37485434613139523 
0.05688444577283733 0.056793228907951104 
0.2648669800068488 0.26440164450360504 
0.39140474533443653 0.3909366620625918 
0.44935287707682176 0.44891892776791803 
0.21044680335042612 0.2100233165592544 
0.5473677056744268 0.5470346636525587 
0.6151038188377709 0.6148732432125296 
0.2985770622741648 0.29809927574365974 
0.6128833328040687 0.6126488872259563 
0.6222992496275492 0.6220815065317044 
0.31425469764275493 0.31377423517117187 
0.13452879761648948 0.13422008974432426 
0.5740032394323045 0.5737069515008724 
0.3265239650669148 0.3260427033157551 
0.2575266133898332 0.2570652782061261 
0.6531099195429396 0.6529534398947294 
0.04591015381603736 0.04586179442306501 
0.2954959957324805 0.2950189601425045 
0.12383756427839476 0.12355165558612957 
0.5196702719065168 0.5193033369443418 
0.09828029690862408 0.0980571645232585 
0.35463884146894503 0.3541598181318394 
0.12325795958300556 0.12297334200833604 
0.6392645327545855 0.6390790534980846 
0.28899508402476515 0.28851988177791216 
0.2838006139905645 0.2833271232043524 
0.17079489361405115 0.17042191436076184 
0.4019925591991048 0.4015292160234324 
0.46607019340298267 0.465649697225182 
0.13200050209067343 0.13169701497400854 
0.09265017414562202 0.09244260175598293 
0.11344620996124072 0.11318434958043799 
0.3082531750250932 0.3077735136963752 
0.18272720985495927 0.1823370345946237 
0.40194446743459056 0.4014811011733739 
0.4052800063062596 0.40481827455496233 
0.17723516009475784 0.17685267449243977 
0.08150603249120067 0.08133131158869011 
0.17384117608132404 0.17346363349209498 
0.397775865976896 0.3973105523668887 
0.2299669521374705 0.2295250969296842 
0.35751809131466517 0.35703960516396227 
0.12570627158957737 0.1254162395239512 
0.1408164344323278 0.1404951859825337 
0.06684649068877191 0.06671952839038214 
0.07117528988598432 0.07103365251570659 
0.518478352470842 0.5181100548322786 
0.6536603141086951 0.6535050512507958 
0.51710864983498 0.5167387959392583 
0.18347292634660198 0.1830817359625491 
0.6403989068279858 0.6402157009389896 
0.5457461878834562 0.5454110425111854 
0.2796153933836356 0.27914344358606336 
0.6595228452659779 0.6593809221546807 
0.47481337921408284 0.4744005402948973 
0.24708259504431268 0.246627794718925 
0.5444196553393544 0.5440828004249779 
0.6227334371818987 0.6225164833129243 
0.2029165734607736 0.20250126338980254 
0.09308197437171908 0.0928731847377108 
0.5424545250490866 0.5421151560263237 
0.4777153791405131 0.4773051753548994 
0.4629847184088207 0.46256162141354445 
0.552356040407739 0.5520295636973896 
0.3617010543118999 0.36122344756510627 
0.6181190189806186 0.6178937652448924 
0.6460224588668586 0.6458507762439127 
0.4539564986459621 0.4535260973933607 
0.09409006048171259 0.09387844466513076 
0.3700228089250099 0.3695472961536408 
0.09091773787141441 0.09071508988642951 
0.5223960934053882 0.5220323042458633 
0.6055866322261585 0.6053397505757869 
0.5945050059434653 0.594240008856591 
0.5309617862792103 0.530608150451663 
0.38508642861256515 0.38461584806550675 
0.1533694203480594 0.15302494643705417 
0.32552724678038963 0.3250460086171427 
0.2531048227085325 0.2526461316558145 
0.2531157719341069 0.25265707411328764 
0.482495144848164 0.4820893825815886 
0.6065744132854681 0.6063291906744265 
0.19232086753076902 0.1919181489195687 
0.38417596055712694 0.3837050408191116 
0.09291089286839771 0.0927025850317374 
0.2893214293108356 0.28884612690053046 
0.3542065740533382 0.3537274748927941 
0.6551396150133084 0.6549876511211145 
0.3393779300652463 0.3388970042509555 
0.6322028044330302 0.632003520607328 
0.6423472099588603 0.6421679474387769 
0.603259650286539 0.6030088897004315 
0.529927167471193 0.5295722836079033 
0.08421982467440664 0.08403684284204324 
0.6436494614259113 0.6434728630038604 
0.214560235668042 0.2141325443822006 
0.3261831515509628 0.3257018970519254 
0.4588009493087809 0.4583744106338296 
0.36199273282454875 0.36151519174616664 
0.33191680456478995 0.33143553991839125 
0.5460410428620036 0.5457062788422445 
0.37953601278389065 0.3790634459919429 
0.6596561976804439 0.6595145868006551 
0.18730629292320358 0.1869099918878848 
0.6379855027270666 0.6377974795048894 
0.07494822224336442 0.0747941934823679 
0.11938109010153805 0.11910525917134568 
0.600890828485191 0.600636160869806 
0.320369313838998 0.319888313882001 
0.48084247420296444 0.4804351619774897 
0.5766210014841013 0.5763285573966574 
0.28355520680970303 0.2830818023669884 
0.05493767477064673 0.054853782833692605 
0.03724079741296868 0.037229179922663724 
0.16788165403037963 0.1675131527506703 
0.6016099581567927 0.6013564722505862 
0.5997893277812358 0.59953285747747 
0.5861010659073005 0.5858229076051267 
0.380747562790795 0.3802754128743076 
0.5334142346628589 0.5330635810266996 
0.09572041667411671 0.09550427602072434 
0.6520727023977428 0.6519139448271405 
0.15205078944231815 0.1517086456247713 
0.09568718548668015 0.09547113649973432 
0.595153554058249 0.5948895928092133 
0.1984770237496308 0.19806683209943154 
0.5867926172300788 0.5865155239626141 
0.3179594216864362 0.3174786002839294 
0.11306729071045477 0.11280634414233304 
0.05941261963911493 0.05931206030035771 
0.3552229363633544 0.3547440174864551 
0.46132788163078353 0.46090340997062235 
0.4860182791243357 0.4856158712141094 
0.42637663493324285 0.42592678601353584 
0.3556492714545427 0.3551704302770562 
0.6057931130029496 0.6055465775306716 
0.6182210745698196 0.617996002340961 
0.2848085385355015 0.2843346983394952 
0.33049457139449184 0.3300132871628856 
0.5690654222212203 0.5687619995741069 
0.21566619676809687 0.21523740604901279 
0.05365894981448904 0.05357993250733717 
0.4454278117620529 0.44499093212739316 
0.18648813729704186 0.18609291199657937 
0.08796573908419664 0.08777163416718395 
0.2249356450632293 0.22449814587473224 
0.2090294553962803 0.20860745984559612 
0.44157730989567673 0.4411376407776193 
0.17259058803266913 0.17221490420742108 
0.6399648123543675 0.6397807345795068 
0.4650156780523963 0.4645942870310835 
0.09322838432225283 0.09301918287131014 
0.4049279723503973 0.40446606490407094 
0.17247380493079573 0.1720982957182218 
0.07053085599279482 0.07039137187367706 
0.33270093791479355 0.33221969026583104 
0.10668835510914035 0.10644319767392924 
0.037632666673552445 0.037619328972232274 
0.08528649897214458 0.08510031708852975 
0.6551637950999584 0.6550118854863064 
0.6606987145766441 0.6605595595500159 
0.16495993438913148 0.1645960377261093 
0.42177135938340427 0.4213186914663829 
0.6578464678954087 0.6577006550527116 
0.6226688141973203 0.6224517427515401 
0.368091566655366 0.36761552741549675 
0.18325118167651763 0.18286029243055976 
0.612963226744889 0.6127289196990116 
0.6006556298797868 0.6004005765992952 
0.2752203070003848 0.27475013350228716 
0.36208073870305124 0.361603217549187 
0.29509251820051924 0.29461558653094977 
0.44529099679118156 0.4448540165934679 
0.4689794626568531 0.4685614673156693 
0.23092085578454494 0.23047820352104176 
0.3319651942236568 0.33148393049878366 
0.10457843172647543 0.10433866887048299 
0.5369317532309394 0.5365854356898871 
0.19317902100277862 0.19277523410244904 
0.14758526984625492 0.14725120551438878 
0.6527513341975227 0.6525940648187487 
0.36833742044293005 0.3678614468709465 
0.4852863678528456 0.4848832574758446 
0.3689247671402646 0.36844895204912076 
0.6237684709275965 0.6235534055535188 
0.07411468446726668 0.07396336200923351 
0.18860454237158522 0.18820655096547786 
0.059194247730288946 0.05909448788439861 
0.3013523237146326 0.300873924889037 
0.3057092788821803 0.30523004010815985 
0.37963234758997716 0.37915981360302886 
0.14726658886153515 0.1469331123868863 
0.5950637668987768 0.594799662069091 
0.1783627963418364 0.17797870096081372 
0.5215461372653055 0.521181362788728 
0.06728277663410537 0.06715431255346277 
0.6328488067548552 0.6326507621227302 
0.6162704881926011 0.6160419625040074 
0.5865100834094827 0.5862325546379021 
0.5912739805441496 0.5910038665195244 
0.4591699147474436 0.4587436756547823 
0.3129848124334647 0.31250449670893593 
0.6370052366322019 0.636815277189066 
0.42442058751994316 0.42396952606392124 
0.24143741720530035 0.24098657333536042 
0.4830201830773875 0.4826149163664148 
0.27836259193970175 0.27789113187220804 
0.16448204391383617 0.16411891135044274 
0.21814643306441545 0.21771522401425236 
0.5877950884621133 0.5875195447146238 
0.16838672263539675 0.16801743695190474 
0.6535648432716885 0.6534093689449895 
0.3980719792677783 0.39760680047358365 
0.5738048135794112 0.5735082360319598 
0.21893999932892244 0.21850803024033494 
0.48500202596847075 0.48459864348292647 
0.2567673744858256 0.256306480657726 
0.20265977727033213 0.20224475717593965 
0.21334736038711866 0.21292088986464014 
0.05225794281763815 0.052184324894222145 
0.09012106973171452 0.089920708284834 
0.4330441861579081 0.4325986380009345 
0.5039596405739275 0.5035753716076081 
0.29232114496879574 0.2918449622597274 
0.6367495981563305 0.6365591356690984 
0.3910001712029616 0.39053192054839453 
0.06750469856019212 0.06737547255876422 
0.4035506487998284 0.4030880611745774 
0.41595440660020444 0.41549835655675516 
0.31096439151640026 0.3104843343955285 
0.37640835225812724 0.3759347526294957 
0.5692184574593193 0.568915253684646 
0.45857273132837956 0.4581460077332492 
0.12511210097507997 0.12482337348615352 
0.05807209215447176 0.05797646286547084 
0.26009272700252856 0.2596299386034611 
0.41949097808523467 0.41903696045283456 
0.569092588218185 0.5687892044136972 
0.051479502542572775 0.05140891149982063 
0.6503260656285437 0.650163515095419 
0.4647697341364366 0.46434813530221997 
0.1530079194324256 0.15266408181186755 
0.29306117211703503 0.2925847833940005 
0.37224764266748306 0.3717727665108581 
0.2488097829852033 0.24835383227077618 
0.630051876921528 0.6298484994332996 
0.06256684674084667 0.06245489366562587 
0.0631790757862673 0.0630649442146487 
0.1806214515327673 0.1802341799939309 
0.46817217973313985 0.46775348572699593 
0.21017406665980842 0.20975086512046917 
0.04118663662755126 0.04115795989111071 
0.10664953286723264 0.1064044739067809 
0.5296231341929687 0.5292678847155534 
0.6416991974725734 0.6415186178220567 
0.1388237969598319 0.13850645534564657 
0.5415948266232653 0.5412543646320913 
0.20844044089450403 0.208019071532367 
0.6211321909449287 0.6209123350980815 
0.4741455580843486 0.47373211934484527 
0.6527239737009141 0.6525666441613709 
0.3705744841732223 0.37009912625818664 
0.30847672676971216 0.30799703068259765 
0.5500998977225605 0.5497704338674883 
0.5375119961558257 0.5371664005633461 
0.5914830868355178 0.5912133017935801 
0.555510237275227 0.5551879862284493 
0.33871981387428507 0.3382388423416034 
0.2545797136039763 0.25412012077202906 
0.47936465169749687 0.4789559662396893 
0.11937137486731242 0.11909556628840293 
0.4103202734507231 0.40986113930439794 
0.5940949545767364 0.5938293040881709 
0.05663135655758056 0.05654108545999012 
0.07771919520071924 0.07755629468497036 
0.14838463000216245 0.1480490977750939 
0.31894008170671084 0.31845918244368293 
0.16002091141627156 0.15966506229990146 
0.05312750179977521 0.05305052539437127 
0.21710954588872144 0.21667933992131108 
0.5783179943246245 0.5780280650933476 
0.15546042367224255 0.15511230615451613 
0.6350074787983926 0.6348136086041601 
0.26844145164750405 0.2679743407877413 
0.627327332857831 0.6271188391744951 
0.5106961757977748 0.5103191733705825 
0.1714860681006283 0.17111204285030895 
0.6285854125866217 0.6283792719343024 
0.660045851026992 0.6599051549346705 
0.6355696269811261 0.6353768525326724 
0.3375450070644306 0.3370639614960387 
0.3307701456116479 0.3302888640406586 
0.24717653533954384 0.2467216717262623 
0.2956529389650344 0.29517586330272916 
0.18037206376907652 0.17998513978002756 
0.08202168490853953 0.08184538100761182 
0.18622866127124205 0.18583377883371857 
0.5084105224396541 0.5080310266231868 
0.3562666932218625 0.3557879667402678 
0.4503988410419547 0.4499656873545059 
0.4711704549160053 0.4707543740087061 
0.15648364305422743 0.15613376530572706 
0.22192610051842146 0.22149133058018486 
0.6430198085265335 0.6428419190874122 
0.18197330814967747 0.18158416614597764 
0.21416940903119863 0.2137421093912526 
0.3658019589136988 0.365325327138591 
0.38192951990493174 0.3814577856804139 
0.36940379114883076 0.36892810697849376 
0.5940899783969797 0.5938243199862582 
0.6581620769844893 0.6580169915610262 
0.44971866360964335 0.44928499183533765 
0.08741133494641865 0.08721885616044187 
0.6013573003939736 0.6011033988742057 
0.18592073663963038 0.18552626214567086 
0.5733232339901086 0.5730259545631542 
0.1004639092057577 0.10023491998803233 
0.29595382940498566 0.2954766774643927 
0.12256592024523849 0.12228285186240867 
0.06393727641790187 0.06382046158203711 
0.2831135577333264 0.28264030993461897 
0.27000187017819083 0.2695340192387532 
0.04624645445501113 0.04619672327903898 
0.3165692692243003 0.31608857046898176 
0.07062100971327187 0.07048122370910376 
0.5989194727143694 0.5986615850680925 
0.16049018328301318 0.16013355511123656 
0.6280814185967662 0.6278743333886843 
0.5829290136399523 0.582646010548215 
0.3556122652309139 0.3551334172604943 
0.04590313841085156 0.04585480767502975 
0.6527762285439006 0.6526190139151369 
0.1256253623643783 0.12533550759104495 
0.13422565862927144 0.13391757125483592 
0.3910177835210749 0.3905495401319631 
0.22347976373436307 0.2230435731747076 
0.5770621370132197 0.5767703449143308 
0.21857864563916218 0.2181470218157281 
0.5810693902179591 0.580783577361602 
0.35522746266819893 0.3547485446097796 
0.5494404596429067 0.5491101282368662 
0.6269752434702098 0.6267660941056648 
0.09189255741207819 0.09168713049177046 
0.0957824654653559 0.09556615371606025 
0.03973673254327936 0.03971425724606795 
0.3557887474086169 0.35530993191653254 
0.5745106793439634 0.5742151331716419 
0.38834955253268827 0.3878802305013715 
0.5744201028998612 0.5741244242080927 
0.15984055188643267 0.15948500300517449 
0.5177803871519104 0.5174112951927181 
0.5268067575527627 0.5264481456976838 
0.5360189358010895 0.5356714863472273 
0.4813284319757497 0.4809215739448564 
0.40490984184783474 0.40444792537317353 
0.5645734389916477 0.5642636552144032 
0.30604298708503375 0.30556369004235207 
0.20036266508899325 0.1999502720688066 
0.0463570605054629 0.046306879004146984 
0.3357885366051464 0.3353073985177075 
0.15084156413531882 0.15050157927573735 
0.5655750058405972 0.5652666298230127 
0.30715368889207006 0.3066742040899328 
0.3695259587777891 0.3690503082364005 
0.2730281834487708 0.27255895715247513 
0.28211388574349505 0.28164099847948093 
0.19983608784695325 0.19942430548448056 
0.5216189443623056 0.5212542541314557 
0.5759643763202407 0.57567096402605 
0.06403615717022632 0.06391899358482 
0.6295045149026232 0.629300103457675 
0.06852496442032452 0.06839225262770288 
0.5913693494595095 0.5910993854397648 
0.08131300100695313 0.0811388743123927 
0.054778702898709786 0.05469541422595492 
0.23084668634525907 0.23040409572895726 
0.050749486103322555 0.05068175125420499 
0.49240014757700923 0.4920039894892815 
0.1667001167059367 0.16633346372400717 
0.634587321714259 0.6343926349093104 
0.0652669105638512 0.06514542893433672 
0.22990826362911665 0.22946645775780308 
0.18297495726209684 0.18258444398831222 
0.6485098019094307 0.6483433616249645 
0.47198610184895484 0.4715707404338174 
0.09850167926679923 0.09827794863093509 
0.6060355061351387 0.6057893774671606 
0.5831578478590742 0.5828751920700348 
0.45854605839074863 0.45811931320215915 
0.31401265674490725 0.3135322213059244 
0.47443419492573824 0.47402101512998257 
0.4669675404402033 0.46654781061098194 
0.2887870911489658 0.28831195319186176 
0.2745532537660033 0.27408336415805606 
0.06037261944111996 0.060268561937606324 
0.36549139485368926 0.3650146853585021 
0.2465352983785933 0.2460808684185729 
0.1840164979983054 0.1836245719838865 
0.2361263910953526 0.23567954867584173 
0.21740827524896195 0.2169777791265884 
0.6427336755146918 0.6425552011968596 
0.4662394707975873 0.46581911884242144 
0.27345551779237615 0.27298610362715137 
0.4009893670737172 0.4005255452563014 
0.5106330995451466 0.5102560279240461 
0.658111928237744 0.6579667270822473 
0.48555974392960194 0.4851568955862905 
0.38835146386408476 0.3878821425895068 
0.19516699275773786 0.19476076432032194 
0.608312644520541 0.6080703597071149 
0.32474106529932917 0.3242598508487892 
0.5189419808914968 0.518574212370599 
0.09028973855118469 0.0900888918379428 
0.13025708723559432 0.12995726097054852 
0.3398093260846056 0.3393284318892293 
0.11812793326782031 0.1178549992797476 
0.41611150694274157 0.4156555456077845 
0.6495833356943025 0.6494191879846105 
0.22359949769761478 0.22316319869155937 
0.30055289494738907 0.30007466629812124 
0.47555426357856107 0.47514209298891963 
0.4423004658681381 0.4418613141850651 
0.2828189202025423 0.28234577780416825 
0.1703680929540824 0.16999576273511363 
0.2662839756184613 0.26581792293677703 
0.563585117369542 0.5632739503556852 
0.20459649764438162 0.20417930885917535 
0.6009775220715067 0.6007229967136277 
0.467086461118692 0.466666833185822 
0.10679273760055233 0.10654731553846869 
0.5127399075505472 0.5123651588992101 
0.6076340244414759 0.6073905898871823 
0.11170551971794654 0.1114478792700391 
0.48967861236073795 0.4892797617008269 
0.3176735574499082 0.3171927600908757 
0.046222771939814694 0.04617313723969879 
0.4332713838779192 0.4328259868160197 
0.32107555129567983 0.3205945071620866 
0.09356427653137891 0.0933541320363041 
0.146668340602194 0.14633597178599322 
0.23694440529112665 0.23649692869664043 
0.6209056191168899 0.6206853545470019 
0.28373336494382895 0.283259897768839 
0.3989690718357355 0.39850430475910015 
0.09775348280551974 0.0975317781299796 
0.6250204276531179 0.6248076601184167 
0.13691226513638746 0.13659872986601473 
0.3933414359093846 0.3928741679879476 
0.4896602705478025 0.48926140187918654 
0.3974375931277839 0.3969721261666225 
0.625297764468465 0.6250855079902923 
0.3211863202901024 0.32070526956181544 
0.13245808427365782 0.13215364457881895 
0.08657881939818873 0.08638879551334952 
0.5106133159468881 0.5102362226279139 
0.34868322051152445 0.3482032642009947 
0.05398412952665799 0.053903867792221755 
0.3647182743091191 0.3642413740954839 
0.44595378386703866 0.44551729182904687 
0.35294131482926344 0.35246200099858027 
0.1769202783107091 0.1765382451056858 
0.5453342136321264 0.5449985362617857 
0.38665300035975775 0.3861830156567905 
0.08994986046465853 0.08974999223510208 
0.3850785774982419 0.38460799400393564 
0.4963941030693101 0.4960019699995822 
0.5552688652193178 0.5549462887596128 
0.4978580418612467 0.49746740602097045 
0.6187624072745839 0.6185382993413773 
0.08592225966836028 0.08573418293286997 
0.4469982689392112 0.44656255126033567 
0.2757693533345282 0.27529894900777474 
0.12705426783043938 0.12676129832588448 
0.24799105751721506 0.24753564862976013 
0.03904048746222655 0.039021017552037324 
0.222444839015142 0.22200959198195308 
0.11370142317980303 0.11343894881670755 
0.4860381002918165 0.48563571144631607 
0.23784486530765167 0.2373966981772708 
0.3552009201159372 0.3547219972598672 
0.5192650569191761 0.518897657810855 
0.6334086245587316 0.6332116575016677 
0.6615609589580786 0.6614238557305117 
0.08641112834704412 0.08622160084748412 
0.365697074913139 0.36522041681935624 
0.48204013210614594 0.4816339416047985 
0.06279159191321218 0.06267883789454157 
0.25828920900377617 0.2578274357606215 
0.1029274610512205 0.10269198048756156 
0.41690376556773723 0.41644825382449624 
0.26957675720111035 0.26910910579203007 
0.6075338928652501 0.6072902889692646 
0.37255809139095336 0.37208330662071243 
0.439969233093243 0.4395284240805841 
0.04608107405396328 0.04603201698948295 
0.13609338810491411 0.13578150112851767 
0.1816719846688707 0.1812832576145584 
0.373486297258977 0.3730117894452653 
0.32233076289706675 0.3218496493277793 
0.23744207816850585 0.23699421894637882 
0.6616126349965759 0.6614756553489229 
0.47821885520734697 0.4778091133326706 
0.28961249759317764 0.2891371065763697 
0.10549973257153558 0.10525760344924473 
0.06060639086304764 0.06050148557509738 
0.05408861040435822 0.054007949531425736 
0.06522564413302889 0.06510430660439734 
0.41757592012186145 0.4171207927343459 
0.05031128536504226 0.05024527322313005 
0.11389416398588731 0.11363122673152717 
0.6011678021446331 0.600913589215312 
0.036070249561249185 0.03606380543867005 
0.6614116068734127 0.6612741468732087 
0.08269657320222326 0.08251820695243353 
0.2569184384358299 0.2564574563761666 
0.2475664613674327 0.24711133594545484 
0.2986623378525561 0.2981845316061046 
0.6006585850804637 0.6004035366432243 
0.640014279223976 0.6398303006826971 
0.07651450790681796 0.07635544097551603 
0.12438947246097021 0.12410233973084223 
0.614656851205557 0.6144254932742259 
0.5839487046136069 0.5836672517398784 
0.17457263614867824 0.17419401575906127 
0.03687614175736201 0.03686613026945651 
0.2588381633747437 0.258376078041909 
0.202926138530616 0.202510817673025 
0.0534491375275129 0.053370924899602906 
0.3371414136238973 0.33666034486704044 
0.5497741142403261 0.549444221474291 
0.6268909515950984 0.6266816454402107 
0.5424680624723318 0.5421287106937503 
