2.18961499348 -0.845581878199
1.29874692142 1.56960917456
-1.20909173107 3.20408035632
1.19003475734 3.42007298771
-2.56755826322 -1.18460250967
6.18357409029 1.17191575007
-2.45664280661 -6.76861846141
2.94410216656 0.706980308103
5.55892480562 -2.24562417227
0.533710549613 -2.2203015274
-0.244334394799 2.90973391072
2.77933949352 0.110354284338
5.0097663277 2.60762388395
3.33136162011 -2.78712411903
-1.41756804811 1.69350337728
5.68977162814 -5.15047044233
-0.369081466995 0.911601172392
4.36331065747 1.71471584888
-2.58231550017 0.66797369988
-1.63981671181 -2.42575457405
-1.08562381564 -1.319128756
-6.25405985356 -4.71798154881
-3.68823821693 0.609672152506
-1.2858344372 0.231294954904
7.23225777353 -0.671535047957
3.94257699917 -0.709066569475
-3.31348218742 -0.0424463063798
-2.66533940328 0.323284704683
-2.92950981013 0.107094217201
-4.26203848184 2.90902512712
0.506301629138 -0.157881365793
-3.19381492023 2.10154221197
-8.69856454509 -0.131145859804
3.62887721411 -3.12010275652
-8.4042986529 -0.797903004433
4.31494304166 0.199445670903
-1.91339991921 -0.109753456629
-2.64090768666 1.04626546238
2.98411725897 -0.687957824116
1.57100957409 3.02522039698
-3.32671411249 -0.590045100805
2.48482151379 0.227076758103
6.09996920292 -2.1735635173
-4.07359482524 -0.505331526889
3.2997491782 -2.58077310876
3.4550582039 0.732843672447
3.40349055639 1.44463807239
-6.83535083266 -4.434078443
-0.579993647339 0.920911538975
3.57259108417 -0.943719846183
-5.72398150533 2.13365266789
-2.87327123581 -0.264308865269
-3.67030867777 1.92318154927
-2.88723422332 -1.01627160174
-2.7589364023 2.21748970039
2.25528175841 2.32624365684
2.47190825545 1.5903586261
2.86684511818 0.831449467426
2.58117248481 0.386708967877
2.94165511113 0.0551644196336
-2.0708714273 0.138137400948
4.34521447798 -1.42509809389
3.24479295277 0.483874002356
4.66499780303 1.07717845047
5.80594288431 -0.579846690797
-3.50118746455 -2.58052195028
2.68561192752 -0.238278375329
1.33486637082 -0.757614301216
2.15600251876 0.625592210373
-3.03355189291 -0.156370365479
-0.740683225823 -4.65468178496
6.78609533451 0.641419256031
3.76330387327 0.998269609017
-2.68584999997 -0.0557494329435
2.99352095845 -4.0889061408
2.84575608619 0.435195318426
8.23700048131 2.38872278765
3.00798355022 0.0126709007206
-2.86846018918 3.79494407901
3.1446493608 0.111722108189
0.861721537843 -0.351609388581
-3.54130331353 -0.8831623921
4.97179037575 -0.499814424135
-1.96828180946 2.21536732897
6.12507272681 -2.38559807812
3.69306037972 -2.35136896025
-1.01796176513 -1.72419437216
1.97859717071 -0.79125818758
-2.08991881051 0.671143626911
-4.24642794329 -2.63136431614
6.4791745192 1.27122837813
-3.1221503931 0.193846374711
-1.56321323371 0.534122105403
-3.60562296887 -0.155697122925
-5.27586900561 0.909549380257
5.20355399138 -0.165872950194
-3.26121970496 -1.00103221627
-2.17914610249 -2.76893282302
-0.622312769515 4.9354008864
3.05829829466 -0.421678161382
3.8188631333 3.35121161842
0.269293440149 -3.21188440973
3.39343354037 -2.83880074456
-3.15001725819 -4.92761905509
-0.985413721361 -0.00191062664544
1.50583193027 1.21337631226
2.96016902795 -0.0754698473051
-3.11899180335 -0.0755138236779
2.80017051949 0.95174259806
0.855849396391 0.626180382527
-3.50276645639 1.8159547715
3.69674642809 0.528163223651
1.91549003276 -3.49472293228
-3.29533942106 5.52801810868
-3.29612635402 -0.29029422848
-2.67570519621 0.126495044945
-4.2127717734 0.0344197326169
5.74853377449 1.3058698539
0.404463258015 3.62207643459
4.80302310577 2.84929071529
-1.52695364795 -0.920340823967
-3.37448235296 -2.05919126566
-2.86307890413 -3.11968022193
-4.70452764157 2.49806032381
6.1293625201 -2.62238149095
4.75358056154 -1.24485391603
4.07545111247 0.318730795358
-0.826568019128 -1.09232064936
0.333741038155 0.456817761204
3.06455484823 0.431542212354
-3.70213754831 -0.653144930802
-3.73569922505 -0.473431146627
2.23012735843 1.38920814621
3.22424080486 -0.387667773058
-6.0568848589 -4.5849669849
4.92216377188 -0.753246275848
2.84182933251 0.980699853097
6.57837003568 -4.2607978956
5.03716191232 0.0603409121682
-7.7389529934 1.31317985123
-3.44220260275 -1.0584114278
3.04178488863 -0.701891747518
-6.49626770529 -0.984366370627
2.68070503049 -0.573948621472
-3.96804636494 4.69241835197
-6.45254456828 0.387520189558
2.9974189376 -0.267670440658
-1.32331879821 -1.60694169248
-2.78280272245 0.828120644579
5.2881484607 0.595140896231
-2.72144194288 -2.43558897657
6.82462627498 2.78645253698
2.92541980018 -3.52222619752
-3.50174746628 -1.35169390718
2.79484834568 -0.259979763177
0.738681322154 2.10240480114
-3.13642499327 0.125646955286
-2.97107450587 -0.321592193436
-6.29783401866 -0.796671376212
3.24413440315 -4.08639357277
-0.30286544387 -2.60148065395
3.00058182418 0.349811026678
-4.71518375334 -0.652080135764
3.96361560445 2.1758039044
-5.14076169292 1.6297276225
1.74386133592 -0.981221738546
-2.6926804674 3.1296562638
3.73538499769 0.601189194115
4.14329634392 1.76959668048
-3.42068341569 5.39717125001
-2.98539839352 0.0507011014637
1.71426698695 -4.45015940858
3.27861369968 -0.740425397045
-1.35777275463 -0.161869461062
-2.9217912686 0.301635981569
3.65517917168 -2.06060788538
-3.25167429579 -0.279155943135
0.374233262393 6.65683004057
-1.05160070346 -2.86311660958
-2.91528851362 0.132259852531
3.27344884905 -0.081333486658
3.13856932365 -1.09845062103
-2.27784382182 3.32629420688
-2.15577210653 -1.33299764987
4.61697788425 0.994166174093
-3.07750305777 -0.00438294925437
0.181607389407 -1.15320145708
-0.736687801213 0.313210778472
2.97619059221 0.294717691795
-6.42549937806 2.02860967473
2.86244649533 0.112481518239
-4.66737907363 1.02241713109
3.35728169475 -0.904368513164
-5.64881221823 -2.16805741211
5.87607112082 -3.94250600795
-1.52610569559 0.991182092726
1.49849859686 0.170759374748
-5.41650337694 2.12162080467
-4.14095415455 -0.120361599396
4.17900724576 0.298339342788
-6.93942491433 -3.56025834351
-6.93782376341 1.20365362733
-5.16600973357 -4.07405047409
3.07373709626 0.00493087604191
5.31536364735 4.38651854969
3.07466884058 -0.293871933095
2.36536311477 0.407161457202
-2.98814357254 -0.0242180803895
0.384466567321 -0.801816345964
3.62035274533 1.20048821264
2.86267991192 0.401455152044
1.96060217572 -0.0913723379116
-2.91180875984 -1.59520797583
3.20316729346 -0.458702951464
-2.62793933865 -0.824796320581
0.947080283017 1.38790814422
-3.31194733043 0.308244265615
-1.747020899 -0.157372067184
-1.92353791029 -1.99865010592
6.79194059213 2.30070225449
-2.84346429246 -0.267111031502
2.07067524539 -1.00843327853
3.22571348961 0.132192811239
-4.29731077682 1.17973638421
4.04370868838 0.613456446062
-3.26953198803 -1.02725222654
2.93268515013 -0.972250920395
-3.35495734293 -0.140049974813
-4.24657073952 1.84865534029
5.40099865846 1.02874367895
-0.726650890445 1.19281640962
-2.37676074301 -1.19655861362
3.25377162333 0.110730328454
-0.882659095649 5.77251459645
-0.399771577161 -3.13706901801
2.94019725119 0.0756246647858
1.48793143905 1.13528090392
7.00461476191 -1.99325163535
3.37920728798 -0.112344563119
-2.7997929701 -0.143310339734
1.00586421236 0.487499468761
2.90676883945 -0.698910197356
-1.74040128245 1.35571906696
-1.70441455263 -1.05711759314
-2.99638261684 -0.00251485671701
3.43678222906 -2.61796494885
0.611731232446 2.44223745489
-3.83927026912 -0.392130276765
2.39361296006 -0.775718670706
-3.29794872635 0.589880840979
4.23334495492 0.903300059381
-5.47155501119 -3.41599598518
-0.0215600575783 -2.65349065552
-0.320846334173 1.9546125644
3.22695431526 -0.449414894002
-3.9238468123 -0.0724602255824
-2.52543210811 2.27052691472
-3.74277643137 0.321840972893
2.32927855182 1.64835611149
7.32575097742 -3.815319587
3.87353521903 0.890425364125
-2.74277857855 0.515017289533
2.92079556518 -0.0307092089086
1.34950196037 -0.879016055457
3.26318859081 0.385623558545
2.68966517504 -0.0910318992267
8.17661662266 2.89365996586
-6.27708202575 2.767499435
5.33869813989 2.58991437318
7.43543328818 4.39155850995
0.743424151139 4.36649234321
3.80173795031 -0.091802333964
-3.14159466826 -0.392028322087
-7.77288200304 -2.4790458364
-2.79418968013 0.335726632117
2.35795212329 -3.68807349919
-3.43515391973 1.41778149585
4.64580174241 -1.35635964311
-3.29009904851 -0.314624123144
-0.711664426062 2.52136157255
-3.92776979179 -0.103690159948
2.4262330729 5.9339618216
-4.13327849475 0.883374460434
3.18932693725 2.30990908419
3.02970227503 -0.388467517653
-3.12589290702 -1.0327725599
-1.93952745117 -0.673263424232
2.6855797842 -0.292828910082
2.54772590069 2.48772859898
-0.933492938226 -0.762250652377
-0.547736585069 -3.10729900002
-4.8370731154 -4.02760856663
-4.75272510995 -0.872016478971
-3.51617669455 -0.0550610693412
-3.17759299615 0.0327312398115
4.89183515399 -1.85492995137
-4.50958943546 -5.05589111926
2.83633471061 -0.172015557011
-3.46014450077 0.602483147813
3.56287770093 2.02778670717
0.230352947524 2.67170753598
-4.2333915541 -1.13133365125
1.66266628955 -0.614469968708
-4.81221532315 -2.73760611921
1.46415919212 -1.18010312918
-3.25149038322 -2.33420000714
-4.56090583152 -2.07203726089
1.1646486656 1.51414487475
-4.11443769848 1.38999792952
1.46217657913 -2.79352575085
3.3555255564 0.50773087496
1.31947700129 -0.371152022154
0.991764490912 -3.66072872167
-0.0190333486329 -0.140659627811
-1.25973045198 1.91597937097
3.69225009666 0.497136977948
-3.189348173 -1.71199270721
-5.55110346156 -2.58236383764
-3.17770943203 2.5824964119
4.88720665552 -0.614837860891
6.04761050748 2.98204716626
-3.33372630441 1.29710784507
3.21302115437 2.9876206036
1.25431960572 -2.5263820162
3.22777729672 0.971777621536
4.74072547317 1.70442362596
-2.92349077144 -0.0148587857108
2.72650651028 0.197773250934
0.812265100828 4.01302141489
5.92067919143 -0.392218702997
-2.82552464742 -1.6904797995
-2.97163766962 -0.0869785901491
3.15444392876 0.185448135159
-3.08920747658 -1.97260966926
-0.412725586221 -2.06724483854
-4.21920690021 -1.69056203532
-1.08079095937 2.90176041734
3.5477841423 0.860529155187
-4.12511375336 -2.75215192269
-4.72030590511 -0.059089063443
-1.27647637489 -1.8738128859
4.1533839779 1.68218251282
4.67909647934 -6.79342101617
-3.1142473951 4.15819781443
-5.27804582238 4.17790745559
3.79908751718 -1.43317255835
-2.82575943872 0.602613812049
-2.50957604768 -0.0241142316661
-0.507107813506 4.44751763023
-2.89760482931 0.925178299915
-4.86438381944 -3.31271556773
2.59747607707 -1.11430135398
-5.26427283419 -0.510857546289
4.60428911022 -1.9199228109
5.12967654251 4.15485325231
3.09799875793 -1.17006968686
3.09432000964 2.974681084
3.03060352243 -0.091512342467
0.0660242663438 0.439705713403
-1.90676403574 -1.00876655378
0.245108593191 1.0775115481
0.659345964907 -0.216275242132
2.87626922168 -0.213111193849
10.0484166269 0.0471917972712
-2.47664358932 2.20798505085
-1.31324243995 0.443086441426
-5.02378562551 0.948927578153
-3.2046268775 0.0857446292713
-2.94019775515 0.912803689525
-1.31314632112 1.57577029401
-0.215062780506 -0.540407504178
0.891347509514 -3.69801540751
0.96612687809 1.95805208708
-2.60326384487 3.05347869425
-3.21035492768 0.190385297826
1.71323760471 2.29954253014
2.72832157907 -0.462725766875
-2.90966701068 0.579988475977
3.26998791138 1.26822104284
-3.47438022904 0.21318378422
-5.85301219838 -2.61841387353
-5.86328963358 -0.987167064937
4.2484537118 1.90721854432
2.04362210288 -4.87403610928
4.47832076364 1.41604457052
5.08082296537 -0.766013002144
4.6476201239 -3.37878176542
-5.75303752649 -0.260278983344
3.04627695732 -0.779684786103
-4.62791824673 0.251042161279
-2.66858309886 0.301208737764
-3.93096422542 -1.26752517153
0.781925613364 1.10216482724
5.32571774872 1.74312533992
-2.05125955431 0.271561433517
-6.79560152128 1.73309018411
3.68159226303 -0.492756406564
-4.79613720129 -0.220119841525
4.14734007299 -0.447774262884
7.50344767337 0.817547390982
3.01500309276 0.0147456971061
-3.72878994051 -3.73502729792
4.12317938206 1.50089983098
1.2103268125 1.23254130138
-5.39179965515 -2.34268714046
5.33694795816 -0.243906605283
-5.34252040984 -1.82700524655
3.10748439562 3.10792895834
-1.28105229723 0.489246919346
7.79430213769 -0.797227948707
5.29078412407 -2.1123853732
-3.15933588646 0.358414516201
-4.33337929939 -0.134836281665
1.55749757348 -0.57282686726
-1.2128976308 0.0998591040188
5.3631805306 1.18947839238
0.744562970764 -0.177755229325
-5.19117593638 -2.87848892214
-3.02413543105 0.0378072335079
-5.06084773217 1.48616911469
2.61106476043 -1.99904539163
3.74010247536 0.654608864373
-4.37225596462 0.753539692969
0.112463793278 2.39225413215
-2.37672577315 0.647665221549
-2.99479020252 0.456695320167
2.48221204829 -3.46982649077
-1.19604624822 1.18677053138
-3.3392736335 0.0818294302433
-3.35334740969 -4.50804369646
-6.95836493316 -3.40145828586
-5.25333162931 -2.25062800949
-0.695563026173 0.942453960735
2.75609422384 0.499299048365
-3.25510948433 1.27332773138
-4.29351922557 0.768106388497
8.2281996627 4.10570357144
-1.75179278421 -0.22755164677
2.38993285009 1.10698275663
3.07392441858 0.372796944739
3.28714689656 0.344218800148
-5.04084663091 3.4087521534
2.68059932498 1.19903320568
1.28999369491 -1.11113564016
-2.34666537671 0.148903078245
-1.84009366469 -2.30803672099
5.15640002925 -0.507936827728
-3.95091240145 0.157451522586
3.58205038364 0.383364460796
-2.36107346487 -0.772135198454
2.22066520282 -0.0975479329127
1.566471447 3.01105873018
-3.42159058105 -0.423358114941
-2.62048050585 0.157070702344
4.77316402141 -0.699677054866
-2.03560692847 0.857574759587
4.575586978 -1.26310767595
1.85675757771 0.55049431752
2.79769098111 -0.910163830093
3.41593728018 0.634533836278
2.43541080306 2.62366648864
-5.81106623511 1.1143781608
2.85841606671 0.707652350717
-2.13163508554 -0.599977104987
-2.85235535479 -0.798255261719
2.8034971829 2.60894021927
-4.11838520464 0.168443224365
4.5315795619 2.47106018641
2.02406190318 2.30976938479
-4.64130338586 -0.398260607482
-6.44815366596 -1.78695635292
-3.45690446669 -1.99783093849
0.589287306337 2.13960887304
-8.04861163175 3.09477426135
-3.54179074547 -2.45575008798
-4.56950028228 -3.80778679941
1.22897855785 3.33513801122
-5.03037225999 -1.52703727412
3.71596855529 0.556061136918
-7.21502103998 3.40042527122
-4.79073362724 0.850590431708
-2.36843573896 2.36495051809
0.819368127476 -1.75226570152
4.78599936191 0.0968574705651
-0.846951054714 -2.88292731931
-0.605502917812 -0.679844493174
1.63470603784 0.25424553974
2.8672066078 -0.128391231733
5.27907257182 3.2521816685
-4.67834617005 1.50655259019
3.39662764255 3.71501915625
2.87699218794 -3.56286326744
-2.62170099696 -0.651500431385
4.78752129906 1.3748091605
2.96495143005 -0.286781275245
-1.4139606676 -0.0375423851084
-1.5930049291 3.68502632609
-1.71743606272 0.605057593506
4.05291293279 -3.99751904134
3.17295333071 -0.183908946623
4.67445862205 0.89010220094
-2.9818090918 3.40471814451
-4.6179705627 2.6319073296
-3.73051030367 -1.83678418176
-4.98441885704 1.16457824818
-3.15335416841 2.10188083761
-1.27041568877 1.87209078652
2.69585036396 -0.551567852465
3.02720517532 -0.0594927434346
-2.68341661603 1.34386575852
-3.06305808652 1.51220463362
-5.71333852139 1.07793594345
5.37322085282 1.19186230727
-3.3939718887 -0.443463455749
0.312365496755 -3.53721415711
2.14988795414 0.747729345946
-0.490115324472 -1.78242296267
4.27991447329 0.280247528932
5.11116105057 -3.09875447383
-2.8923378175 -0.323294474323
-2.46345287829 -0.241594875399
0.313255830871 0.751013350459
-2.58106700529 0.306392887491
-1.91755910961 -2.56461889363
2.15663754582 0.0193270374553
-4.69703465462 4.58412960103
-0.56854663822 3.72643463556
-0.454877814461 -2.53133794958
-3.30803247814 -1.89440002886
6.28243648664 0.850976972345
3.16599637983 0.240454618484
-1.85099387222 -1.34651915605
-4.1499173234 0.971660229103
-2.47825283613 1.0713620718
-3.847396477 0.451621232217
1.14528794217 1.45315475599
-4.84147422614 0.645569624197
0.303612749489 -4.14291012555
3.14856945433 -0.359975868839
-3.32286889822 1.06905885292
-3.98640711603 -1.47673697249
-3.95813399295 -0.256224423902
6.03660809959 2.0901076872
4.03916530766 -0.278830361602
2.98709491832 -1.20649124499
-2.91529385653 0.00760861903501
-3.38464347523 -0.270946478721
4.35652734305 -1.32874101146
0.643600022449 -1.7308309898
-0.64378654238 0.707768293413
7.49569659991 0.432855869261
3.23537043471 0.0185016839474
-2.84872229861 0.221879064637
-5.1026873636 2.0438714888
-2.97279930566 -0.116508311044
3.67187336205 -2.24691251459
-3.37262237674 0.642887142032
4.58667232584 1.82194455087
3.04374828901 0.205594997797
2.62650181076 1.66782846942
5.37152870128 -0.617670088723
7.20754086214 -2.95943262529
-2.35519084996 -0.998634844997
2.81565623651 0.250881270473
4.50695017034 -2.85097403417
5.52086764056 0.0371117789198
5.39267457361 0.904899902491
6.63276384915 0.383189391782
2.66047559852 0.459509827147
0.750592418324 -1.71747391917
-4.6620990456 -0.54669228439
6.90360582837 0.564405748459
2.86079130024 -0.0864080300482
-1.02629157766 -1.20874090351
2.98614837422 0.0145624710002
-6.18455741833 -0.489002389169
2.28617507098 -3.78493711024
-4.06183796261 1.92430368137
0.899598498081 -1.0383888658
4.81685246778 -0.284712184114
-3.40798997171 3.16790284655
2.88940764347 -0.489997668778
2.35770711761 -3.67123800651
-3.18430267777 0.106053891447
4.3091578599 -2.87007772363
4.87936332126 3.70543391002
2.72933961801 0.266910787871
2.4180272156 0.418552240039
6.29149111374 -0.257376418533
-2.37366830698 1.51627430078
-2.35988376876 0.133868853587
-0.29015532614 1.01462616215
0.0374383393308 -0.979224259723
-2.98517971128 -1.21940982367
-2.16476991091 -2.86676449363
4.92016774256 1.041295808
3.98098775275 1.83979914676
0.0957639447919 2.51578166901
1.94743833069 1.55238781081
-5.56729706409 9.95545419511
2.45101943131 -1.1448019516
-3.18922573866 0.813815875783
1.85376160821 0.226877237194
-1.3727064311 0.669452111258
-2.67613649508 2.48118046467
2.24385012581 -4.77522912999
-5.66539645922 0.49227378181
2.83694395056 -0.89066603721
-6.61181157247 0.975913803155
4.26086032904 -2.38129171811
-0.343601853567 0.305480092381
4.67250477123 -0.637505235831
3.8537362138 2.42372415594
0.782097549866 0.873278090065
-7.41825071064 0.1546644571
-6.74630421352 -1.01263911565
4.87107341347 1.19927851854
3.46630827195 1.37100511154
-2.63917521779 -0.035572651618
1.85140986701 3.12147497135
3.18978825244 0.0643169404458
-0.132896295106 1.24617465921
4.89212107044 2.7810435373
-2.81599884021 1.26954902734
-5.06826110305 0.848371966691
-2.56155134977 -3.78312058256
3.01226396274 0.339252279273
-5.20098819196 2.50407137508
-4.89674640537 -1.26910525337
-2.96480805421 0.202492368564
-4.46173341279 0.642234972435
2.28713005756 -2.55869269175
0.0132965183627 -1.44370899412
5.3376279882 -0.61481728061
-2.22712633765 0.171821354972
-2.92389774898 0.384194855215
-3.97284811937 -3.77969267195
-3.68962916565 -0.065147224924
5.31585748201 0.18319942487
-0.253860803305 -0.215633445832
-2.53306539423 4.24478795274
-5.46904992237 1.78613937297
-3.19184487805 0.809813058739
3.51249433492 -0.309321570192
3.57663364549 0.535886131621
-5.44465173021 -1.22044079994
-2.81747451799 2.51422602395
-2.35638229108 0.693548069612
0.277616414666 0.233003693295
5.10349990361 -0.868293753524
2.47307058438 2.18035612193
3.56150282332 -0.639863064693
-4.55207422505 0.602500122566
1.14139534091 2.35299276491
8.40160870118 3.72753899011
-5.29377604033 -1.56890078997
1.30188930561 0.567649233288
0.182020698056 -6.38963295791
2.36106054509 -2.2202146339
-2.85957159405 -0.667939697317
1.90603010045 -0.0625171739284
-7.89193419732 0.230039629781
-0.108591206794 1.28402936496
-3.94235776873 5.51378079879
-2.60340126222 1.7117942156
3.14234312458 -0.606493220999
0.335751727323 2.26342150426
-2.97346007511 -0.169283845249
1.36321561127 -1.35844082469
0.425087657634 -1.61614904595
3.16570533403 -0.581129020314
-1.40527400405 0.87803167636
-1.55762118415 -3.21673529616
-2.85575681568 -2.53473417945
3.55745263082 -1.4257209365
0.763888686733 -4.88131819256
-0.344276637249 1.2736154027
0.543853262819 -0.541129028545
5.36923764202 0.849848128073
-1.07962856979 -3.13278313958
-1.60702148334 0.399487765157
-3.79319139414 1.05933340423
-1.78968866631 -1.12336754709
-3.81924855707 -0.421708127231
0.893357387088 1.8307634641
-3.67098036019 -0.752845881769
0.0723786154273 -0.561844058843
-2.9590772598 -0.0860698328238
-7.29507666003 -4.65991478556
0.523503134643 -1.41629848814
3.8903323623 -0.152745718905
-4.17312281954 5.83305129634
-8.603020559 -2.39279474554
-4.70595828951 2.98386170506
6.1420124789 -1.25626826292
4.36318670266 -0.13475019588
1.56070779855 -1.17190181093
-3.38811150303 -0.707810369106
4.32978469286 0.460327331823
-2.91385520123 -0.113670800588
2.08256050791 -4.03538157751
-2.51820683374 -0.576875463488
-1.87927715542 0.140210568788
-4.85751093477 0.496327233556
2.76627036708 -3.80352090885
2.55355292194 -1.13777703453
5.47027229759 0.491157302465
-3.13167591176 0.199375959946
2.84944905024 -0.0712011687981
3.65906154974 0.358024568634
3.21338789247 0.315041313726
1.22362149698 1.05012787097
-4.64318473714 0.940844265786
6.0506323181 -3.05511332556
-4.07445396702 -3.79806152702
-4.92609460912 -4.58180282631
2.88996017356 0.0684907605495
1.31643437678 -3.02330437455
4.81447371431 -3.01907464051
1.8387413145 1.26886727177
-3.24210727968 -0.0614978995056
2.33582202568 -0.510895494282
5.38854771152 0.738163602291
-0.878583423573 -3.22137489482
-3.72800642574 -1.46916491441
2.90481685469 0.593279810606
3.09985799392 -0.379738111466
-3.38264688332 0.531788825817
6.79646901645 -0.575138730086
0.839522587443 -3.73850209425
4.51109406096 -0.207439189826
5.07989944974 0.38503641455
0.159403906614 3.20613424283
-2.16363558972 -2.82057652139
0.191700371487 -1.77165228126
-3.12365187943 -0.373310295949
0.932841329003 2.71221198375
2.91208355638 0.400073850323
2.59492060847 -0.301158564591
0.202235922335 -2.57725343509
-0.938409849729 1.88988321406
-1.3717931874 -3.44711454873
1.96791331684 0.139272833141
4.13063916543 1.23425137047
-3.4746593524 0.0326448401068
-2.58448435029 -0.0787685415308
3.08032035792 -0.775134785908
-3.02134773223 0.240291266401
1.30292432702 -2.17848293933
-1.95209150233 -0.980989323665
3.09300491641 0.255039087721
2.94456629356 -0.0346539302834
4.56405623222 6.68886980475
-3.67440657608 2.76142133263
2.61972727329 -0.44739514545
2.54746083107 -2.59846330783
-2.4570631573 -1.72111581746
-1.14301369286 -0.558390668616
2.46052553083 -1.08266362124
-1.03657453886 2.67729493582
6.40027727301 -1.7811417943
4.23176502481 2.22129908982
3.71690885677 -0.102107765562
1.05396345201 0.999187512592
-0.896730640497 2.01642162951
6.0673938924 -1.15649620952
-7.27481903835 3.89981741403
9.40814192186 4.03635670209
-5.24296796376 -1.65630829661
-2.74685615331 0.155762595686
2.31991086964 -1.30774523954
-3.46698748512 2.32844972215
-6.47602280769 1.26377753572
-6.66256050983 1.87904952834
4.05412666557 -3.08990427471
-3.15807427908 -0.242846615517
3.62568936311 0.241243972288
0.974861559618 -0.839520791053
-2.41960428775 -0.285769386855
2.82136663928 -0.441479735376
-2.87905780374 0.034379037352
-3.40479389683 3.58136277199
-1.57482001689 0.335671735739
0.87542716669 4.33995380421
3.0616417544 -1.17761697475
2.4236052657 0.497920612415
3.02711051585 0.0285945847847
-1.56000742893 -0.371532475021
2.55262917138 -0.879238441679
-2.51082837008 -0.61197549249
3.25485387203 1.65627908288
-3.89005129986 -1.05708878402
3.23109387538 -0.494860385122
0.459859002528 -1.16897378146
8.09499034273 -0.955670429955
3.68756476384 -0.956448692354
0.712359355531 1.73635841126
8.30823085138 -1.08150373906
0.881096288271 -4.2637998654
1.88452182485 0.144062586015
3.04741816937 -0.023685781254
-6.75795375856 -4.62212974804
-2.0062536371 0.866965016473
0.0876008748096 -3.99463971931
5.40370402035 -0.323770031794
1.02776282072 -2.4213651064
-4.00920083346 -1.90666349505
4.46820004642 0.816424777451
5.06867895171 -0.318758076531
2.74852987615 -0.281828743474
3.00870276191 -0.310557784696
3.09949313995 0.202993971829
-0.454075353663 0.482614579051
-2.802696766 -0.92499894379
0.154378284171 -0.200300369392
2.3740199979 1.49050737726
-2.43775189063 -0.345632070018
1.16982072056 -1.29629060954
0.373664026725 -0.499013371731
-0.0868331105062 -2.74677907735
-1.73659710183 -1.86053284071
4.27742987697 0.338461472895
2.6022320905 -3.90441562315
-2.24768891041 -4.43813077453
4.53195115389 -2.13594121201
-0.466591440808 1.09876865411
-1.93356023417 0.93620696447
3.42244038365 0.625445548127
3.51825614746 -1.13711834267
-5.56332608762 4.65770526575
-4.86542949593 0.810635288679
1.88340765238 0.554647561671
-2.47760137116 -1.47647587981
-8.05106729026 0.118281489083
-4.1463946488 4.71050367511
-2.95181410767 1.55542653743
0.838280066061 5.11669268125
-2.31874435561 0.685951785837
-0.413913919864 1.12863578458
7.94372471683 0.815024312306
-2.42735216167 1.56365923052
-2.70068800374 -0.955060356076
-3.74865389446 0.263618566478
-2.48412374908 0.553809710489
0.810950035805 0.897512737725
-4.96411017109 -3.53897291877
-4.96419765004 0.753450980674
-5.42619592666 -7.06231583987
-1.56030976075 6.47553332775
-2.56038137005 -5.90068139041
1.99626735163 1.5675854001
-0.806875365931 -0.100077880409
-3.48408124755 0.255359041245
1.53878908609 -2.09955448561
-11.8366825643 1.66327559608
-1.27023798535 -1.76682574071
5.85012136694 -2.65079719493
2.31533963244 -0.877785765322
2.35963722045 -0.662469621918
-3.83252959363 2.10924577792
3.77338268201 -0.554206120267
1.92312185166 -0.318326054171
2.73036581774 0.0654687956261
-2.16082528178 -0.259657871308
6.21614545174 2.46882765
2.03669883547 0.565019985257
2.82168696313 0.765133905585
-3.90571315497 -1.08056998562
-2.95046204353 0.506690834987
-3.97314112035 0.208791150461
-5.55082220636 0.868566867782
-1.61390402275 -0.368225272148
3.2605598297 0.165545400832
2.53615444741 -0.200914126256
-3.37590527253 -0.902117250234
1.11008474507 0.366254729486
-2.58829179004 1.21200720487
-1.36810356251 -2.52108541015
-6.14569028579 -0.897764768263
1.22000821886 -0.696467381038
-5.35480569741 -5.92731659327
3.46648350511 1.31332242449
2.6729953453 3.67053225823
-4.14343761074 0.811182400475
1.20119222462 1.55360519967
-0.85794089598 2.32067661679
-4.36158427077 1.5894341348
3.279207153 0.790960211129
-1.56734078511 -3.373062158
-2.94842458677 -0.0309756555701
-4.11465367941 -1.51170667814
-0.739797311629 -1.05078829245
2.32213460784 0.0669480652876
1.53486453786 -1.47849625125
-2.39917927406 -0.164017902023
-3.06939250673 0.342168962949
-2.05668949137 0.175485728114
1.82299926734 -0.412341495145
-2.71782876867 1.61045067237
-7.0937718459 2.77736415376
0.332081992963 1.85339472911
1.11906532009 -1.06569116896
-7.03242337739 -3.29560106375
2.34357208692 0.243915247652
2.75296604955 1.6336063829
-4.71434948418 1.73197666806
3.87134454169 -2.91614193634
-3.00873612226 -0.0595375477546
-5.29393819357 1.28910151988
5.08296030889 -0.982494911426
-2.05860632777 3.12668039411
-7.57148686235 -0.337567858981
-3.10202166319 -2.14485618718
-6.13572681265 0.330472160949
-2.09383177961 -0.415985807835
2.25909648227 -1.2108463174
-3.42624616872 -0.381018583559
-4.18271851732 -0.562048921922
3.61916592854 -0.131858830239
7.0257509641 2.05121731061
-0.046285019216 -0.282697831061
-1.59043075755 2.04147697368
3.13854951648 -5.89718627581
-1.49133011904 2.96286027147
-5.1593094883 -2.37367750399
2.5572594873 0.125497571432
-6.07985843871 5.61486526246
-1.64398292467 -1.68399453899
2.36930123168 -0.0902987661612
-3.60643517174 -5.91234944995
3.55102832166 0.643259024969
-0.731155004048 1.73518572961
-4.39243407522 1.41869614916
-3.06717654347 0.00111338607288
1.3679059412 -2.66533918858
3.85486363774 -1.99471679063
2.64379938123 -3.64350636176
6.02202722497 4.50723560313
1.36297446218 -2.76322650422
2.88009847801 -0.152129798237
-4.07120754219 1.0495436951
-10.2236448963 -1.70568070527
-2.27086013719 -0.101509716062
4.62381083278 0.650962994897
-2.10089429712 -0.397560461937
6.6628141365 -0.809099617291
-1.02822072388 -2.79643439994
-0.876831825828 1.06891230556
4.43300150054 0.763538064854
0.04263455128 -0.245752798142
4.52952406311 -3.8870403395
3.56899549912 1.30334006009
1.24369621683 -3.61586086497
-1.43037021646 0.773642781445
2.20925172271 1.24789720064
-2.95494261125 -0.126414423059
-3.33438009379 -0.17227340776
2.8947852096 -0.116932531133
6.82889097354 -1.99068340749
-0.520817542711 5.63579357758
1.39024905794 1.71279433102
3.47402351094 0.84645555238
3.11154607254 -1.02126809159
-1.9458255256 -1.34746517934
-3.14127415138 -0.130359213193
2.8247513764 4.42265123037
-4.21202652737 0.570860906396
2.78227261948 -2.30242968185
2.62499391277 5.27827983777
5.76343262555 0.361474421744
1.30439437266 -0.452217723504
-3.46440396651 -6.11128820771
-4.1554047728 0.984952834831
3.39582650944 5.53153089355
5.57257301474 1.0347784357
-4.13129939413 -0.951387673479
-3.01522823573 -1.70946387911
-2.76639407529 1.11344976205
-4.30258590977 1.45584310841
1.97302620245 2.34053046056
5.93616783653 -0.976760955366
-1.03197598749 2.88337624602
3.23165676638 2.70637605182
-2.89197313129 0.70931651104
-0.00395579734488 0.139309945693
2.59259995477 -0.0320186701101
3.36199735428 -4.51285079317
-1.14564603986 -0.900435525315
-2.93000228164 -0.169554687388
-5.22099913683 2.15130126449
-1.63547227413 0.236074880492
1.68543009111 0.475298649697
3.27928949303 8.00619971353
5.29123101298 -0.71807719711
-2.32312746953 -0.366751455829
2.56682920872 -0.477370101248
5.82639950145 -4.01090246656
0.613882023281 -0.179290872843
-3.0085551713 -0.115813059048
-6.95782535168 2.39128049846
