1 -0.10535489400219737 0.12693939662070547 
1 0.23499389589860356 -0.11321143042425622 
1 0.06413527724632395 0.003409248956543058 
1 -0.5704281517848224 -0.08422701490233686 
1 0.006332942236877485 0.11493416166701513 
1 -0.4431604173898146 -0.11922203607212532 
1 -0.13929762780723653 0.15780197965812237 
1 0.3597662248993571 -0.05966768850515875 
1 -0.18571080827752384 -0.11568484246738277 
1 -0.3057133666763221 -0.14475931098071798 
1 0.5127065138670691 0.07431706911989391 
1 -0.07415808687202717 0.13949023766407856 
1 0.0371584473038598 0.16392641485564818 
1 -0.29869497134822626 0.14670617176995301 
1 -0.1744045306563406 -0.13028477207615352 
1 0.20119474432679282 -0.0239202177142389 
1 0.19120338778842552 -0.17504263452013896 
1 0.34732496463161433 -0.04138626408867103 
1 -0.48548139666465506 -0.06188787428303296 
1 0.16710934459892457 0.15956908405405815 
1 -0.08453729351066146 0.1656212247113531 
1 0.18084845022259732 0.15249065876047427 
1 0.08213437213993302 -0.17706646348392924 
1 0.3157776692624583 -0.1506981422588221 
1 0.6396917774011315 0.07081929977001086 
1 0.3806207794073936 -0.010726855037649039 
1 -0.31338598475487967 -0.1276430213692092 
1 0.37190359858312605 0.11509698089703682 
1 0.19463694838116946 -0.09146905709556148 
1 0.469762440685156 0.021008310148874512 
1 -0.018808186632190867 0.14988675732238382 
1 0.16673987492175577 0.0915053169145258 
1 0.1226299750561858 -0.11046652467842992 
1 0.2244325264510972 -0.0768476806042436 
1 -0.10463191892690236 0.05239044951904075 
1 -0.3568004785208478 -0.09935308733748503 
1 -0.09876375740714587 0.0722825579207554 
1 0.5368427244489975 0.10140453206674382 
1 -0.07914454236130886 0.13663564408049117 
1 -0.6530988708601628 -9.965253480413478E-5 
1 -0.38596822695626354 -0.09081416678059492 
1 -0.18935315179763923 -0.06325075725400693 
1 0.4107128804682379 0.12877334379471608 
1 -0.5621582497996136 -0.0807428215193098 
1 0.08186235854338145 0.04926824211318909 
1 0.06375977408080406 -0.16131156887516274 
1 0.18205866902470405 0.16735295410390955 
1 0.14711353833488452 0.13319356173656466 
1 0.07726177695441258 -0.025675714733062883 
1 -0.19553963844738714 -0.032468489794425584 
1 -0.16551491549384448 0.15350618149397252 
1 -0.0366945553983416 0.10199123940715164 
1 0.4174895180972357 0.008596906104744688 
1 -0.3806806629107546 -0.11182080292004487 
1 -0.6821232317065763 0.06216419323526619 
1 0.07644643715831753 -0.14958384849098275 
1 0.47679845107589536 0.014926945193090691 
1 0.06488671677946924 -0.19739871588559174 
1 -0.72719149729385 0.027895946738304478 
1 -0.013065195012598946 0.0037191314796228264 
1 -0.6858194819408959 -0.013980167282448204 
1 -0.4585687700715423 0.07221962302125198 
1 -0.22655087490457657 -0.15417254367330677 
1 -0.2928265380685193 -0.15109526730115522 
1 -0.0872553108602745 0.1818526867914793 
1 -0.20019419346244996 0.15911155477244737 
1 -0.6164396643307785 0.03313396916164498 
1 0.01614956389773836 -0.07351479921008368 
1 -0.0019360305645861344 -0.06542742666255494 
1 -0.10452598087286535 -0.08985754984473512 
1 0.04086005024631733 0.15619138855738549 
1 -0.2359627382170422 0.15166191278142865 
1 0.2297049402495304 -0.15274067728066154 
1 -0.3900003586933402 -0.07516492360397074 
1 0.5704205189032415 -0.07456804242128155 
1 -0.45770966449446987 0.10363363867598993 
1 0.0318794309022801 -0.18627292717137753 
1 -0.25302108142858176 -0.07353330152235747 
1 0.08489146252230763 0.13090428337880933 
1 -0.06660841677598389 -0.15710307364010132 
1 0.010374610371514707 -0.06758133237551203 
1 -0.10529569788099988 0.17434776336807495 
1 -0.015506995582037893 0.08899680805731705 
1 -0.22764148489363942 -0.10134087364010622 
1 -0.34751846122944596 -0.05933894091813108 
1 0.7075054654609755 -0.06717604229712164 
1 0.1188196000789636 0.15201770511284873 
1 -0.1053209140818323 0.12813353008623032 
1 0.34326665300812076 0.11438718130821955 
1 0.21648070416898074 -0.10453170308706568 
1 -0.177223284362134 0.056961853241834025 
1 -0.3899304311749973 0.12096400295342452 
1 -0.3262810038943364 -0.10479130650093184 
1 0.21996855173858235 0.1006641176747877 
1 0.19047684253966493 0.07981911868813298 
1 0.08114824766300949 0.02768324830794909 
1 0.6268247602770012 0.05928240522243562 
1 -0.2150883570434999 -0.06764515966910171 
1 -0.25218255437424536 -0.11323805320535729 
1 -0.3702260983666263 0.06489509846643139 
1 0.25437101190284983 0.009074207740861182 
1 -0.15200234158132772 -0.1783984062359072 
1 -0.48592079981766484 -0.09145438786532777 
1 -0.18133962187504707 -0.042082736330766826 
1 0.06800969152389372 0.1428962302971305 
1 0.5011063406594326 -0.07412159076039253 
1 0.032789021986082294 -0.174649166054058 
1 0.1781719257224146 -0.15619522738235045 
1 -0.2906007443684981 0.15351023222318322 
1 -0.07947881548945007 0.17519511837958854 
1 0.6882190437422622 -0.043532379390751184 
1 -0.3683749270391319 -0.043107813435357516 
1 -0.24328823252581136 0.12561815213592487 
1 0.7159413638629705 -0.13530765616024357 
1 0.2229802106089443 -0.061896958172717204 
1 0.11955280505374162 0.07781628813125652 
1 -0.2001396987672347 -0.19004173761651078 
1 0.17893227392292302 0.017963341881301283 
1 -0.21526513043051076 0.06454752180626505 
1 0.06383601016489325 -0.11087102275143208 
1 0.3555116961242738 -0.07430800369694993 
1 0.008227506696238741 0.1419797189274662 
1 0.6115150262795854 0.079158841976679 
1 -0.14489716680857762 0.033807226124414655 
1 -0.008594778087613351 0.19271695563011654 
1 0.4728243898131654 -0.10915111175481204 
1 0.48952176297621897 0.0838562815934549 
1 0.08911437271208089 0.17368608789631715 
1 -0.216266832332621 -0.17690006033507458 
1 0.007841357770319066 -0.17251951067133517 
1 -0.525170909222364 -0.08721345820355292 
1 -0.16297017643822348 -0.07256227422102289 
1 0.2543283703358535 0.14769140118635393 
1 0.24771746353192442 0.01296627370694224 
1 0.6311115521681598 0.028249927409461768 
1 -0.6617438204223174 -0.02682007791436133 
1 -0.41745905155733176 0.11286345230521079 
1 0.1684197458165589 -0.21434813268387531 
1 -0.22990852915037988 0.1556091224524224 
1 0.6043093446622143 -0.022578614183161445 
1 0.34585880720911033 -0.1654678638116677 
1 -0.021016294118990697 -0.01610288601075391 
1 -0.39856093109440743 0.059505483741518685 
1 -0.125314960008352 -0.16915601575383793 
1 -0.059829554572876274 -0.18495850338725753 
1 -0.06581938466389935 0.01214483798781417 
1 0.05993588817045574 0.018541839128616757 
1 -0.47571913840256974 -0.11227540303553489 
1 -0.44092789114577924 0.10261782366953046 
1 0.028977565630375207 0.11830240350593478 
1 -0.024418911184311075 -0.19399516547720372 
1 0.02280766306361528 0.17551053952729886 
1 -0.30145206039073685 -0.13145031790327194 
1 0.2540356011359176 0.06594154497463957 
1 0.05463694349757552 -0.1028718458874543 
1 0.346143301677166 0.11772040915947161 
1 -0.38066910423637634 -0.07304104955300184 
1 0.2717224667598169 -0.02990552007622109 
1 0.15828680815210772 -0.17584729452384393 
1 -0.5274920913024863 -0.08518193970280953 
1 0.4820803396325862 -0.08641505859861129 
1 -0.4535660739210463 -0.11720954034236837 
1 0.6247331466302646 0.0798840819492686 
1 -0.1627819298106265 0.09175932209232344 
1 -0.5141920922067821 0.08997116722918476 
1 0.25897619691223067 0.13828032523208608 
1 -0.16366984883923463 0.15782092126692526 
1 -0.008928353971778111 -0.1253100289883854 
1 -0.41166925605237964 -0.11760338048842023 
1 -0.014758562136537057 0.1572177868220135 
1 0.026248195118527214 -0.015064623502037302 
1 -0.1524167478030614 -0.17504307553465356 
1 0.29131449946898064 0.10665481142563138 
1 -0.022705384525677167 0.16944719216005846 
1 0.13358529323109805 0.19031219438130045 
1 0.010048949918293101 -0.08898796202048731 
1 0.038006530142322574 0.10375647326991487 
1 -0.25833714494099996 -0.007459199079436218 
1 0.33569329583036767 -0.0745170530118961 
1 -0.17422581161443576 0.170943624481262 
1 0.35446043493252355 -0.09761950958151488 
1 0.41350505240230373 -0.04444530703179278 
1 -0.49535597843867885 0.10236895459250728 
1 0.03718024767686885 -0.15752209269508577 
1 -0.2429381334206853 0.018726306863894013 
1 0.3321547643730095 -0.030053678459588947 
1 -0.8765125773542184 0.04713663770672678 
1 -0.2180341106365238 -0.1694074207921794 
1 -0.06850221450325941 0.17479250579729635 
1 -0.14848221664449698 -0.06768588351204179 
1 -0.2270708997253671 -0.12568082595008429 
1 0.2841835103899251 0.12627370351175204 
1 0.11488761957736203 0.15156150055126796 
1 0.3234011681285294 0.05906474498059215 
1 -0.28649810998492836 0.14591606882279493 
1 0.3183390573112937 -0.10835581960094974 
1 -0.4057341244255223 -0.07048802182272551 
1 -0.04114292707269924 -0.03343982743326118 
1 0.27630537909466335 -0.14148166306148313 
1 -0.3599905531162453 0.1170722710473596 
1 -0.10589637111679455 0.17202490836554846 
1 0.40300412525192236 -0.10726798166983936 
1 -0.19885781280596748 -0.14395935037493987 
1 -0.028653909137554414 0.01760126024393828 
1 -0.06917102318621719 -0.19167553540985305 
1 -0.576184275215744 -0.08812071515380705 
1 -0.02343528220805227 -0.04137163016737351 
1 0.05858969398316603 -0.14638617140672203 
1 -0.07936765512548066 -0.16605521769348236 
1 0.09079232516205131 0.17949361210251102 
1 0.003841016976963588 -0.07067402972333404 
1 -0.06746466976677025 -9.878160474651463E-4 
1 0.2060588523914494 -0.12144438577180425 
1 0.06055675859779923 0.13728510440924277 
1 0.44535642263554776 0.07409970551764924 
1 -0.2486844942220865 -0.05392643660144926 
1 -0.13683278161831566 -0.14487969340714116 
1 0.4367776987410251 -0.04117818686674272 
1 0.032092571403679555 0.1871073452472785 
1 -0.11584227610706581 -0.1507184648322443 
1 -0.40987412751874647 -0.12969261068455992 
1 0.37131092605089994 0.1337929674935552 
1 -0.33033638221740547 -0.06029466184178112 
1 -0.5397301667294401 0.0010149554093978523 
1 0.19824623151915172 -0.029248042625469938 
1 -0.20614690926027837 -0.11246106326863999 
1 0.1709915157165948 -0.07215348848802415 
1 0.18725279659440774 0.15862400925121062 
1 -0.24158936605515996 -0.07193910576568496 
1 -0.2338792866852461 0.15351040072099972 
1 -0.4340284997392523 0.0774245560248328 
1 -0.14736303228586953 0.18278869553180677 
1 0.31554349778138346 0.15553742627471429 
1 -0.8728737204947081 -0.03598023658578704 
1 -0.05040823798586413 -0.07772925227498532 
1 -0.15656173018873376 0.16785271293149248 
1 -0.4816565643449447 -0.063252287005964 
1 0.3302120351181023 0.14609619418197006 
1 -0.14950387928262251 0.11468188130576375 
1 0.17102167883337785 0.07055881632668304 
1 -0.11331627390418478 -0.17345652376368195 
1 -0.2684102250354913 -0.0037300352448859995 
1 -0.31703463998719245 0.14387160033906402 
1 0.11918771821106917 -0.0918313404284434 
1 -0.06861099040785353 0.18699054513420021 
1 0.3764284913666874 0.10299541047911404 
1 -0.1738301236573099 0.17851223398891009 
1 -0.12451769340599925 0.08738135213062388 
1 -0.5387736517505181 0.023244510510740835 
1 -0.350785322357867 -0.08626779048669728 
1 0.3153468300549116 0.03405288271177319 
1 0.6323951944560845 -0.008788772837889263 
1 -0.14387975082070928 -0.1769927940247683 
1 -0.3266092656260395 -0.09840772113772124 
1 -0.24258559574093577 -0.15997502540020034 
1 0.16555605351849959 -0.08768342637560178 
1 0.30643552775873606 0.132227249751803 
1 -0.028489197735576524 -0.19600402679782877 
1 0.06328422577476467 -0.05940625340309955 
1 -0.27135006753591145 0.025224352875265352 
1 0.2092215666876086 -0.17341289291853065 
1 -0.0891153224015197 0.11253561266936887 
1 0.5084170825000084 -0.06167935476019489 
1 -0.28723308831971933 -0.04843264492316312 
1 -0.012455848868970465 0.12382054132099549 
1 -0.017551203247275108 -0.1772849256743534 
1 0.12666642498670316 -0.1846167950661158 
1 0.7058554611187153 -0.046051283836262634 
1 0.05998582442538137 -0.17056099839826508 
1 0.11427265169253212 0.19568479954217852 
1 0.15772579772756432 -0.11294122996158172 
1 -0.3978983207589435 0.12779682362144923 
1 -0.09234242816845668 -0.052486317403217755 
1 0.03415297037824933 -0.09586206813252492 
1 -0.09403169871645309 0.12103830818694342 
1 0.225120025045574 0.14327585069311327 
1 -0.28519133407592395 -0.1220618698299359 
1 -0.4679525373475412 -0.09071340113258466 
1 0.30438417830531256 0.15265288292499832 
1 0.11232213191104054 -0.06203310262115299 
1 -0.41433365476743844 -0.010849314443535422 
1 0.1721643066094106 0.1294550609692675 
1 -0.00143874432717799 0.14166431610283217 
1 0.390715335178858 -0.0700505290974257 
1 -0.38033619890928727 -0.13781888430098135 
1 0.32885814649688927 -0.11536814988922361 
1 -0.15754716964872384 -0.16922870874008858 
1 -0.39535935141944395 0.13135352660277808 
1 -0.530488325584516 0.09642794023382387 
1 -0.42042314820624127 0.09624024968350978 
1 -0.7043894111076752 -0.004034401490514113 
1 -0.33320588206857604 -0.12474010816319565 
1 -0.5808461157016905 0.022432358732469022 
1 0.60789644346549 0.08469239156037622 
1 0.10064045963810929 0.031617230643528824 
1 0.5655968134528309 0.08451853810519103 
1 -0.43005898833310535 0.09998507693959212 
1 0.29089464133687215 -0.151138408862917 
1 0.36251351311101937 0.015742200102888498 
1 -0.3275937502487547 -0.017965720402627828 
1 0.41629362300980616 0.1304120430194518 
1 -0.319491395635824 0.14236340024624924 
1 0.19143244025149847 -0.05755250400973171 
1 -0.18242433255167098 -0.014203044915375867 
1 0.271291459519102 -0.11282238791067666 
1 -0.15429453085672448 -0.12761987213722334 
1 -0.8522068812343058 -0.04700325453233986 
1 -0.24660179899861973 -0.12024957904533741 
1 0.25103815028486764 0.14810667849584125 
1 -0.18242220235030426 0.14292023130652887 
1 -0.39030385954483304 0.027843511246022534 
1 -0.25204621701699553 0.1692200357494525 
1 -0.1496818124849432 0.16417401290059802 
1 -0.0075695705692859685 0.1976762967888337 
1 -0.2173671427863657 -0.06897179301110978 
1 -0.19868233484050626 -0.11943330598600235 
1 0.5784698262884544 0.09811300540207174 
1 0.25118140774722547 -0.0894219654567836 
1 -0.6522760182323835 0.07701865502297334 
1 -0.1217707735577226 0.018450636341749548 
1 0.11521759701798644 -0.11365026412200198 
1 0.7865353756175845 0.06051616848218004 
1 -0.17960734999682995 -0.11012783784932359 
1 0.45831299066046693 -0.07736899770484189 
1 0.05009193892570787 0.01579928471408933 
1 0.08748979909180904 0.06066487974005058 
1 0.12227979309290658 0.11197634974565694 
1 -0.7568661300714288 -0.05973523005345373 
1 0.38844189829512626 0.09577735556142887 
1 -0.38471377743321694 0.12762094775536928 
1 0.513258169776343 -0.08562100032479089 
1 -0.03721682455861296 -0.17866427108904892 
1 0.1392384552626627 0.14677583482276835 
1 0.21462019590246656 0.1445077117402916 
1 0.13153439571382916 0.1419643869189932 
1 0.2872936861518679 0.1474651046590838 
1 -0.1236440746093752 0.07837232978157269 
1 0.007348875406834866 -0.11172979074087093 
1 -0.21034696915954332 0.11922910616660233 
1 -0.10079597712644854 -0.1875902483593363 
1 0.20458045152757282 0.06678908262660091 
1 -0.14993442253702283 -0.15084239297853716 
1 -0.0031747917447015332 0.023857664472028074 
1 -0.26463127851750484 -0.1646139039461305 
1 -0.024375860694844643 -0.18090913855524093 
1 -0.029307926950487666 0.13517574426840312 
1 -0.603962520359191 -0.08446831111673919 
1 0.33238278679364636 -0.14120410863999885 
1 0.07127909105278085 0.15697903068514382 
1 -0.34054500460623255 0.12309870589653185 
1 -0.22539129907742503 0.005960297820359757 
1 0.09746011475376903 -0.03425802397757363 
1 -0.5285043081642827 0.018944935787261807 
1 -0.11875013482364058 -0.141311235782925 
1 -0.5184588013310183 0.01354143611350251 
1 -0.050796019074597396 -0.13723637676356165 
1 0.30596198483567766 -0.03497980710143209 
1 0.15416431611486567 0.01701118847816758 
1 -0.17052548415219926 0.14992803767821106 
1 0.13010763724383723 0.04683486729348098 
1 -0.4077037150163947 -0.08190548627438081 
1 0.5460909806027876 -0.08042980360574029 
1 -0.48556955303449006 -0.10015892937563552 
1 -0.5770385895559079 0.03169445171007127 
1 0.6499496877815056 -0.07160910406362088 
1 -0.0961496462521156 -0.1451365092827856 
1 0.019785918533854915 -0.07178108908543294 
1 -0.07499648860477595 -0.13491533247600296 
1 -0.25348416820166436 -0.08288792790733729 
1 0.23773017603287133 -0.050557957233463104 
1 -0.39077613006371464 -0.11866981806527356 
1 -0.29518693683036173 -0.04525436898034325 
1 0.2073046326474162 -0.01734612908181578 
1 -0.13275121439733545 -0.12495576763464077 
1 0.4252401764773726 -0.07572337026414569 
1 -0.19451826091447133 -0.1730889941985111 
1 0.07083069791806211 0.07462276439612653 
1 0.17213376643136546 -0.08338244971706363 
1 -0.28635518045461195 0.14673899387506584 
1 0.5210862345040111 0.0054215456995143395 
1 0.4464001589698445 -0.08241137916059281 
1 0.4921628463863258 0.08979571877489531 
1 -0.5219219081676373 0.09396119556108243 
1 0.12548816946169056 -0.16650123615351606 
1 0.31420052721252284 0.024642622659634895 
1 -0.2335615961923917 0.014544945755213862 
1 0.20094089430256737 -0.132245975342419 
1 -0.41556438550164043 -0.11071816343128932 
1 0.11353262666716579 -0.10687158262132822 
1 0.12053381314708388 0.024492116480663063 
1 -0.3001935500808522 -0.13378853475070657 
1 -0.4964681856055069 -0.07864151942002813 
1 -0.030580155900087964 -0.1316132020742716 
1 -0.008319446676044794 -0.1490831326141622 
1 0.42615577235490454 -0.08284176586356325 
1 0.06377182887325683 -0.0953574965944869 
1 -0.2811436998004124 0.01048048193838482 
1 -0.3665765764549622 0.12770020492639544 
1 -0.014664039390853239 -0.12658994745508934 
1 0.3385162257421613 -0.07869134643140466 
1 0.3929459673272386 0.11139260772236799 
1 0.1728106321155281 0.17424971336169212 
1 0.19977430829437468 0.08375764024154674 
1 0.8724980819134546 0.03744255273274014 
1 -0.05671235306801529 0.11173945532856108 
1 0.007645009699919443 -0.015332855034526171 
1 0.19958546642848096 -0.1633176506876169 
1 -0.1318154880186713 -0.13317988822860372 
1 -0.29160857412109076 -0.10643635570803926 
1 0.19478327028617284 -0.15923140126545954 
1 -0.23902954125567877 0.15154814882238468 
1 -0.057719702668464296 0.050775913729020385 
1 0.06264310976303764 -0.0015484800566149838 
1 -0.539967829446236 0.04874354120848893 
1 -0.14946565239958623 -0.16947061742392366 
1 -0.15735046889037774 0.11664754324441208 
1 0.4733103678863977 0.1015759465810588 
1 -0.11534410249445956 0.17366480104686272 
1 0.12722749650483145 0.11564897978121536 
1 0.08579002757325842 0.05621872065087805 
1 0.7184800791758416 0.022538992243819014 
1 -0.9521555527419041 -0.04437404059314554 
1 0.5041544658089321 -0.09141497315282238 
1 -0.6056386390904229 0.07163286946959381 
1 -0.41853880471712784 -0.09821875109802357 
1 0.13089640113644246 0.06443208072085373 
1 0.04320418822034248 -0.19441268196691167 
1 -0.5513697199441795 0.07072232865139662 
1 -0.23922932628543664 0.1519424052070597 
1 0.23851555540214125 0.25942013466551817 
1 -0.11465030591966624 0.033318163320673444 
1 -0.17271630813687594 -0.03993258344886802 
1 0.035686140162101886 0.07727865319261244 
1 -0.10616857046775195 -0.12186642198558409 
1 0.23511008638323885 0.160871978595489 
1 0.39854818252341534 0.05466689801450273 
1 0.23971769665296802 -0.12477141233499456 
1 0.07500400122192068 0.18271468263159643 
1 -0.39205455866853145 0.07510580052505066 
1 -0.5532939953953637 0.021790754106388453 
1 0.46014989636749254 -0.013067922571467145 
1 0.17312279971845188 0.07571841491454784 
1 -0.341701323215875 0.09941760718223425 
1 0.6074309767550915 -0.006592121597347601 
1 0.3607747946502889 -0.04651269890293599 
1 -0.5005748827555674 0.03209618046900928 
1 0.3111976266723764 -0.07474835834832938 
1 -0.23566197705577419 -0.04048138665202383 
1 -0.4856154436798964 -0.049398943445197095 
1 0.18357433955977354 -0.07281086018337225 
1 0.25681356979195646 0.11025129576900757 
1 -0.10892789330422863 0.12168034458258141 
1 0.3588315675874212 -0.07445267536197102 
1 -0.17171038463152377 0.06669599187601104 
1 -0.31557780534529595 0.046695339635175824 
1 0.26467478091959434 0.05126271958573596 
1 -0.8883525761751997 -0.045678309838135124 
1 0.19956312724188707 0.15809378999241355 
1 0.1386661478899389 -0.02837545000615357 
1 0.20744480673956253 -0.14520546897073963 
1 -0.08396165179257177 0.009283670674231128 
1 -0.4030912120521114 -0.11360414256299001 
1 0.18206165526946672 -0.0938735890801354 
1 -0.17870443944680908 -0.08345954836680237 
1 0.3223884049562681 -0.09279459194844109 
1 -0.02499288580973798 0.029769366437650952 
1 0.23328737545877484 0.03506297509405011 
1 0.60128802787895 -0.006063443594655878 
1 -0.30354287155301934 -0.14503640725188913 
1 0.30947649317774584 -0.03761240900306572 
1 -0.7084018783867786 0.06274047883765495 
1 0.5406123762817756 0.03061227535575668 
1 0.05670301141809803 -0.09978423349756714 
1 -0.15035266487018192 0.08213328712610346 
1 -0.17135939704017125 0.08309638655961428 
1 -0.2851941873953775 -0.13248984702555772 
1 -0.30239452191575283 0.14224148189340027 
1 -0.2140237190894935 -0.12202096868461935 
1 -0.396283557334787 -0.12752490516501752 
1 0.45728352892776186 0.0583108275245621 
1 -0.05548591474266533 0.17119741806717312 
1 0.3911837034156128 -0.12287659972073799 
1 0.3249617997853605 -0.004726145282011417 
1 0.2859178326458863 0.06242459532190776 
1 -0.09346730963617113 -0.08625910626396441 
1 -0.35105527375789597 -0.06065151898346084 
1 0.2755512393428071 0.03755292311905592 
1 -0.037027887356584646 0.1802270065843276 
1 -0.5826836355335558 -0.08342847471070194 
1 0.1778828085140828 0.1736699905793563 
1 0.06208906966262699 -0.12049820446183264 
1 0.3377800004923887 -0.1400627283437608 
1 0.43151693136454133 0.04150170902886741 
1 0.4220337582659387 0.03943779548904731 
1 -0.11612402570945457 0.15818595294401344 
1 0.0052306456082696455 0.18734703440037184 
1 -0.055066157868826 -0.18398108561985926 
1 0.06243390255654815 -0.18272747011582524 
1 0.22728406499337558 -0.0768739850101187 
1 0.11996781680448337 -0.1709454393411714 
0 0.08705094599438098 0.14689735349838584 
0 -0.29009276408214746 -0.014753686986335765 
0 -0.021446979804046227 0.02118523835702566 
0 0.44381849431931886 0.10479495939324301 
0 -0.07731060126297701 -0.0415554729991741 
0 0.09906623298998922 -0.03609907228240378 
0 -0.08262991985632098 -0.18632895207578018 
0 0.0175220930413459 0.15343454883136776 
0 -0.03407354994389934 -0.030764212750110997 
0 0.14053942237533434 -0.18503637760652178 
0 -0.02802251888143445 0.20278086475160143 
0 -0.2505723190795753 -0.08252605594257038 
0 -0.09222222619307115 -0.1662849449896585 
0 -0.08409423624637663 -0.09632500325919086 
0 -0.20099333999819138 -0.0984980449368528 
0 -0.14515953536145396 -0.05156608834312731 
0 0.16612119949752963 -0.1305776951439996 
0 -0.34391054531819315 0.1354637668569119 
0 0.15986861206978395 -0.1332535693489745 
0 0.1297283995238846 -0.09609690326292224 
0 -0.18706909654848408 0.10969587549881224 
0 -0.18033065200435486 0.08304241825547869 
0 -0.20931216073794137 0.15663532434650818 
0 0.5453712095218123 -0.11879004253768634 
0 0.09997989565744872 -0.12434069914375565 
0 -0.4663411801840278 0.174822845142581 
0 -0.352252130353194 0.16277117118936602 
0 -0.06861969521967709 -0.030110510464716456 
0 0.07252991396774011 -0.16117786764188602 
0 0.1573968510809775 -0.040025720045871044 
0 0.14135305494603004 0.0463219317580723 
0 -0.6863960369076264 0.035159128495046744 
0 -0.06316033511917482 0.17944886398705923 
0 0.033110123594392665 0.0681214452223772 
0 0.08678386836872447 -0.18074901786658096 
0 -0.2153848901950044 -0.07146438626755458 
0 -0.35875512911972585 0.03345432645323126 
0 0.035278338366347896 -0.16948966292827145 
0 -0.015739676930165716 -0.20158550039542755 
0 -0.2025894677320669 0.13661465049515942 
0 0.06995035144159271 0.08785712876759705 
0 -0.3847140120578094 -0.09543215788010667 
0 0.09530320940634798 0.09426760475706233 
0 0.8118769780052135 0.028736761121468942 
0 -0.040395428083059876 -0.06846178210579854 
0 -0.05125203013557004 -0.1635929633116277 
0 -0.39013665253204055 -0.008221038327635832 
0 0.1310155814066095 0.06699527492740205 
0 0.057740802301240325 -0.22391032393860538 
0 0.11751534244761827 -0.06882366320065884 
0 0.06597060933125322 0.1288420888063742 
0 -0.14369482035243966 -0.15838539500651716 
0 -0.04974751533915081 -0.18440535634406324 
0 0.10306662438376842 -0.039916871096740594 
0 0.01314098787923923 0.057099212216465536 
0 0.08622710621276329 0.07028550689216993 
0 0.38446837163822223 -0.029809610671559846 
0 0.27340399799767745 -0.12625897990884632 
0 0.05945946224773377 0.17732096725904176 
0 -0.12180620606781371 0.2190886338386613 
0 0.3310143156914004 0.1111602446589274 
0 -0.012527583210225023 0.22254817810600364 
0 0.10452229129257755 0.0038984368725522383 
0 0.33119927678399896 0.12557727819617628 
0 -0.23210798252371148 0.14884048860874674 
0 0.42686006019710154 0.12699301376579125 
0 -0.03127886264336433 0.17454967662803614 
0 0.19391229236325214 0.22482312891150077 
0 -0.01609912550172487 -0.08709397615218636 
0 -0.3860084946592369 -0.11193733550794303 
0 0.29623422182642467 0.04802060538232615 
0 0.2527852695888055 -0.11525726786861648 
0 0.08317211001558367 -0.07450341316606514 
0 -0.09992605043187787 0.03762994305648378 
0 0.2962445841046145 -0.16521982609209032 
0 -0.1874636021220524 -0.1476991034877396 
0 0.2774842847799145 -0.1393395955806473 
0 -0.41414545958363475 -0.0021876475686711245 
0 0.043488556800442155 0.07625071277162979 
0 -0.06107009856685929 0.14304180561940627 
0 -0.06602885594955679 -0.1078680183016421 
0 -0.2669008627747505 0.08685717783331096 
0 0.13608465482820456 -0.18014723843624825 
0 -0.3688406612887224 -0.15313005224739518 
0 -0.40715097211856 0.002233543027136656 
0 -0.03918118449432763 0.15721688838670378 
0 -0.262707615378711 -0.00850308269779693 
0 0.22164732950489283 0.10035786692063911 
0 -0.36149043603928077 -0.006868390828733139 
0 -0.05594201918513964 0.1138417985740192 
0 0.38388803034785074 -0.011411871269475002 
0 -0.24513356303957828 -0.16531090803228574 
0 -0.19494311141202725 0.13298164107811444 
0 0.3065285029642965 -0.11155658001857374 
0 -0.5416687244300366 -0.061271007715356256 
0 -0.3167583391276151 0.054163441454643795 
0 -0.20004654480494707 -0.03474373670374664 
0 -0.4695377740598706 0.1100797115397009 
0 0.10458406801254888 0.05642837001337325 
0 -0.30419160512378807 -0.1685816156211585 
0 -0.7429851709075072 0.006496314547356342 
0 0.027607094869625037 -0.13364059591306313 
0 -0.3875116487318573 0.12018441924834741 
0 0.3653115323241666 0.11950662598333563 
0 0.11334851146478901 0.00759412376311632 
0 -0.18487093467931243 -0.17981282980273208 
0 0.06577152424526522 0.17487136616759594 
0 0.41149549913552563 0.2526142129159336 
0 -0.2997016680120045 0.14322813646860258 
0 0.5522691921327315 0.07090760149722244 
0 -0.33833681207349176 0.08957567243564585 
0 0.020786042748363046 -0.21276375826192284 
0 0.06697524639323199 0.15883223554829745 
0 -0.42933885423753404 -0.04487203158610438 
0 -0.27414673811166074 0.14200717016271167 
0 0.5652326026190508 0.008060687180142273 
0 0.11041363569228568 -0.15188252897826549 
0 0.30315039594350746 -0.05526071525482028 
0 0.13903222797067544 -0.2088081411091868 
0 -0.24894952526431724 -0.08444796474975086 
0 -0.31517680498256334 0.057101568442879384 
0 -0.2248005416784992 -0.09571222981354792 
0 -0.10810931236297482 -0.039641012006719364 
0 0.03852897118945265 -0.24043070919844398 
0 0.26778517320507816 0.13043695074291087 
0 0.23145737564345487 0.08725608269148068 
0 0.11484582279604781 0.16114439189311833 
0 0.21688818289917208 -0.14460070206093778 
0 -0.06292468032194928 0.06242772020142837 
0 -0.24474291565469325 -0.11399029562218366 
0 -0.11727805369072289 -0.10285997590928897 
0 0.32298938406664524 0.09336816452082325 
0 0.3142486045359139 -0.1026308925893532 
0 -0.17204625228928602 -0.1009974893011589 
0 0.3029382685758794 -0.1345258403136852 
0 -0.15717667334101348 0.17261256993989932 
0 -0.047048978448368514 -0.1732142639978179 
0 -0.07226908996598293 0.1282400112819081 
0 0.15557013937429065 0.0938445211149318 
0 0.16169862768002166 0.1958551541571473 
0 0.21441724372844947 -0.07167956258537016 
0 -0.21638644550745295 0.16088968399627515 
0 0.2612420913486135 -0.1709702034557991 
0 -0.0870415528956481 -0.16784919332173134 
0 0.260831126167602 0.0022003296975473463 
0 -0.16382302282434788 0.18328719548571143 
0 -0.11314503239393578 0.00400496169703466 
0 -0.2298318577687343 -0.11815303608065948 
0 -0.7086905639758344 -0.058250886252699856 
0 0.29140106784962655 -0.14680167453128018 
0 -0.5126042612844961 -0.1008475051579085 
0 -0.1983699778582808 -0.15176349426110694 
0 0.6069631456511186 0.013565619266792547 
0 0.22689146346298766 0.16357331489618365 
0 0.2518711567352003 0.007466794100792581 
0 -0.2535292961982428 0.15870623186354502 
0 -0.023270709170498248 -0.2568487482463242 
0 0.23150668903788701 0.15834371661299657 
0 0.4313835201791287 0.03599793995002194 
0 0.30585836646516656 -0.10994941766527416 
0 0.0794949923326622 -0.14891023532875416 
0 -0.30381833026426286 0.11457827002920902 
0 -0.322575807253722 -0.10781235353177059 
0 -0.23496828963143693 0.1920403328828312 
0 0.21625416175060055 0.14950645161003173 
0 0.39935052946636224 0.141185265092712 
0 -0.04050940706780577 -0.11792997483563149 
0 0.5909123862631178 -0.10585302024771626 
0 0.567676668811062 -0.04221695332543816 
0 -0.3358749659549604 0.12915258627918622 
0 0.34520335045998424 0.13308848519077834 
0 0.41455390447939566 0.16019484868831538 
0 -0.14495758469730188 0.13454899315245572 
0 0.13533334781163261 -0.20148189917579612 
0 0.4551831024650531 0.11170898993485576 
0 0.07559003734524915 -0.16792933535614657 
0 0.09656686697898213 -0.10703390568460937 
0 -0.36116123201690553 0.1373720977923517 
0 -0.17203257254700643 -0.17353216463366147 
0 0.06358902348226443 -0.10078956015716667 
0 -0.5122855396060084 -0.0935941157671258 
0 -0.0015603884244010718 0.17160663067354331 
0 -0.6357780036022781 -0.0038616159524215224 
0 0.008391233134065035 0.19842488943746583 
0 0.4715044171975474 -0.08466609360333441 
0 -0.06973802873413039 0.0674743716174873 
0 -0.4274107645076434 0.04582278920928999 
0 -0.3107988361971871 -0.08576424303221412 
0 0.04931090236910972 0.16166941064047793 
0 -0.4668166580289848 -0.07042100738592262 
0 0.40304884560081733 -0.04880491681796152 
0 -0.06136808525392426 -0.20235047292153377 
0 0.2207377556052389 -0.12016766674390336 
0 -0.1509998810399921 -0.008877672693775153 
0 0.28207167682684103 -0.0984793219633608 
0 -0.24198951209913921 0.03358377004938203 
0 -0.01886769006069309 0.18562687395056177 
0 -0.1387800813049706 -0.1430047387518472 
0 0.20582575489897836 0.005855576327487355 
0 0.07822412320697804 -0.19799319203439764 
0 0.2895304599087646 0.05634763501124203 
0 -0.3197345636937603 -0.04522428935314884 
0 -0.0877017205746691 -0.13833271050967225 
0 0.429501905229106 -0.10524211074341802 
0 -0.13235729394370732 0.17664449346919153 
0 0.4675242348876343 -0.07694465260744382 
0 0.0446631306815381 0.08808690833258706 
0 -0.25523163445944985 0.1453625993609489 
0 -0.40564590844834064 0.012815472574247973 
0 0.04963754919152692 -0.03676491044539565 
0 0.005452533798423372 -0.061434543742035504 
0 0.14938125429451563 0.03772836765530617 
0 -0.3837015203268808 -0.11293023331561439 
0 -0.5006982879105859 0.06107988904039276 
0 0.12754322976646243 -0.24599750954373956 
0 -0.17122761077445772 -0.1731650386372231 
0 0.2771479741197174 -0.1605215708024022 
0 -0.24257001609922246 0.023501377371763305 
0 -0.4207210922710832 -0.13881162937433372 
0 0.00717554445873533 -0.14847260280627742 
0 0.21919638608791625 -0.08411347103663815 
0 0.12705191338540467 0.024427328717127383 
0 0.14040466801815654 -0.02355288890205053 
0 -0.13644015939160253 -0.22443440381836183 
0 -0.2259220841180542 0.11846148237354985 
0 -0.19116373596760675 0.017267736738378434 
0 -0.40424131892066945 0.1336252284281805 
0 0.42885509543384887 0.030661287769023243 
0 -0.5657006700875067 0.08692505472082894 
0 0.24244925670714906 -0.10958370919650133 
0 -0.14501556054536266 -0.1855948096266196 
0 -0.5028023886184199 0.048926360600533444 
0 -0.344065252568043 -0.0466044341158088 
0 0.5044451580844034 0.03269162578359661 
0 -0.42131322563874085 0.045440135365563294 
0 -0.16722422996767888 -0.030470502718895932 
0 -0.671460731950482 -0.06323874555701024 
0 0.4442966843875914 -0.007096445599106042 
0 0.25764266657120205 -0.14568677990896278 
0 -0.11766987317935917 0.12034543989413993 
0 -0.5359729460082332 -0.023107968594024253 
0 -0.22516203407992383 -0.045424026832204104 
0 0.34519848026388583 -0.08445748960235627 
0 0.7826777898274379 -0.030386737058347293 
0 -0.44283884078586083 0.04982226917845602 
0 -0.3057958403228676 -0.18399492876442447 
0 -0.07145022467263983 0.16693947186167718 
0 0.44028308507114505 -0.13239048771530904 
0 0.7012094368648303 -0.006947638669570481 
0 -0.269864573166739 0.11729838636532676 
0 0.3277480059257681 -0.14391483845593253 
0 -0.2027729302639727 -0.02314144447187517 
0 -0.17423882478858213 0.05686447113030952 
0 0.5427099729083842 -0.017185254402838943 
0 -0.2249573443495715 0.19141827251639565 
0 -0.31644367844389815 -0.14478313535468715 
0 0.46627023856375693 0.0030276321975378087 
0 -0.3548118976529782 0.16171361320246327 
0 -0.5395081298552071 0.05682326275508929 
0 0.10888608125917472 0.11017718382161032 
0 0.4484291721952164 -0.08509280469566548 
0 0.0458298758349086 -0.015468815595862323 
0 0.009347445461309709 0.17099933392056013 
0 -0.27150154878716093 -0.11444913614471758 
0 -0.4943393724904787 -0.04721688573387666 
0 -0.5062495962883689 0.06469950932539642 
0 -0.16588245529185988 -0.18226268550811037 
0 0.27180080305563054 -0.19057053519413072 
0 -0.09585284852308745 0.09593802766054504 
0 -0.00826770431055279 -0.15185479442640298 
0 -0.3125416005506124 -0.2579422780956537 
0 0.06455663558885524 0.0949118035647578 
0 -0.1221886058219762 0.1255848199769802 
0 0.15286203404299356 -0.2373278781388994 
0 0.1851358444393069 -0.1572381837311471 
0 0.09275672989847139 -0.1968708016629913 
0 0.41611998857566534 0.12133392560676277 
0 -0.2699545817155188 0.06653273280391618 
0 -0.2763595657185901 -0.1949894465043992 
0 -0.3827840531613222 0.07940639334154918 
0 0.45030877724883794 -0.04280664908516136 
0 -0.17508474150910305 0.0666148037560697 
0 0.34116490465040605 -0.0285414925435818 
0 0.3724117988742275 0.040762342386355836 
0 -0.12968400953940037 0.19791853825121045 
0 0.03989625705702827 -0.1943730739400809 
0 -0.013669515165085008 0.17025430399013053 
0 -0.25588396252380663 -0.152981088134385 
0 0.10914840175929957 -0.12154603887976166 
0 -0.0077285555605218536 -0.15475847545462212 
0 -0.05043823180744958 -0.1615372153524615 
0 -0.10860926581054459 0.17990006709310943 
0 0.4245934844047442 0.133056719248787 
0 -0.10263944566827055 0.1023174520250793 
0 -0.31773992429959724 0.07042420271717481 
0 0.41500145543572986 0.13768965734336278 
0 -0.26983464191340484 -0.13647182812124584 
0 0.3638760910796712 0.10720899884513758 
0 0.5694440003301011 -0.04718435598244324 
0 0.11016663118312799 0.04836199264488985 
0 0.411945141828382 0.15916207482518105 
0 0.14060129546234887 -0.16415775914663192 
0 -0.32831102129512013 0.13690468722979487 
0 -0.09279734467731347 -0.17361898434861858 
0 -0.25501220162751587 0.1538603333114306 
0 0.19751652865339606 0.07348687577436556 
0 -5.994206242321978E-4 0.13314490062721243 
0 -0.050528716661355375 0.14158170443490464 
0 -0.353091511674673 -0.0025355120868348537 
0 0.34663818904632976 -0.06039517053973108 
0 0.47276155556460725 -0.09822128335650226 
0 -0.20173384829967114 -0.17572750929566117 
0 0.03033693769120669 0.1281610586812454 
0 0.06397054755222045 -0.01381777573220844 
0 0.729750765293875 0.005567263374990712 
0 0.025333093218798564 -0.03997849116037658 
0 0.0667487504664239 -0.11650713242369419 
0 0.12001442601127352 0.13315198534404202 
0 -0.21765565750779678 0.02299599838817406 
0 -0.1402736375707775 -0.07205237209422015 
0 -0.10440280907325172 -0.008452353067438639 
0 0.5136336009497064 -0.09766594010304842 
0 -0.22987620090032884 0.11610564242871825 
0 0.00846055127399569 0.10621318767994112 
0 0.3500960891637091 -0.12615889700844293 
0 0.06628637418194859 0.10925359831528843 
0 0.01367598950707748 -0.16905893210040052 
0 0.3707028518110458 0.16152816146619173 
0 0.1814881473280784 -0.15496391400280482 
0 -0.2514806083440554 -0.09109009249811573 
0 0.17010167029824638 0.17927434106680246 
0 -0.010579765539715798 -0.17376206965928548 
0 0.36997128721460254 0.1046826098540232 
0 0.2768838107362119 0.12133160548469539 
0 0.26478398266955433 0.10516909653313636 
0 0.0489587169270622 0.0044200160928314774 
0 -0.024627474299090013 -0.14411781953346456 
0 0.036141128585493676 0.18086734581301034 
0 -0.6643996173048761 0.003473818918209093 
0 -0.18473856745906828 0.1743020827584101 
0 0.35893515624632355 -0.12624710976975972 
0 0.21219507612952873 -0.08508176559640576 
0 0.07299817042687852 0.22105006133339994 
0 -0.026196204100457126 -0.232975707925357 
0 0.04488028079321012 0.20152427294168948 
0 -0.06098547233735907 -0.20096392198493615 
0 0.22603492085874372 0.10931603521459711 
0 -0.18424640059517153 0.12266121129556408 
0 0.11776051277147119 -0.07175297006357417 
0 -0.2746973069488475 -0.11641720522631761 
0 -0.004403036855706361 0.03230769366666147 
0 0.04723871661422986 -0.014240834689463341 
0 0.0961376212623309 0.05406912821724542 
0 0.39579083870557447 -0.08629101221441454 
0 -0.5195344172365718 -0.06358816973588981 
0 -0.2950532342360969 0.05086142856556364 
0 -0.23701915213628147 -0.18518103580010312 
0 0.5795474090782216 0.13494530129458415 
0 -0.48217243354640105 -0.08844859714087386 
0 0.09262657573852318 0.15441820791070798 
0 0.017514411477596116 -0.17954386324759003 
0 0.22529032411826677 0.15416940117947442 
0 0.01772749036855436 -0.1326878334790513 
0 -0.29613953434645784 0.15094367254670013 
0 0.06924113338984772 -0.2018314849500208 
0 0.28205543333031424 -0.11325799357660228 
0 -0.24387987184034993 0.1604776010753944 
0 -0.05176800385252782 0.07545161117738382 
0 -0.3800460069938687 0.0634376419847086 
0 -0.1522433327626795 0.13176785828609852 
0 0.024133473317242436 -0.1875788329685361 
0 0.43824298690282343 0.04873035678765129 
0 -0.17009110385611392 -0.022200166135685945 
0 -0.034451477610984646 -0.15282637128954546 
0 -0.0132120813054965 0.07478266102205877 
0 0.20908434170309126 -0.19387778541886574 
0 0.32547629621140894 0.12440079193766154 
0 -0.07467095356252934 -0.09914368363575535 
0 0.47820167202731556 -0.16823105947270522 
0 -0.6189032226357372 0.04572146001540245 
0 0.408072596816059 0.08361249784267345 
0 -0.5272917049423436 -0.04601402027957546 
0 -0.19992604105548095 0.1465711167463408 
0 0.07349634736740304 0.05194894560141189 
0 0.08092631815669014 0.15080251658650975 
0 0.39517299463550576 0.019922343654762815 
0 -0.2586490553119446 -0.130927390319304 
0 -0.20195141297846034 -0.16822149288245875 
0 0.04800758892626708 -0.16514333647379192 
0 0.2753153243994304 -0.00912943884276128 
0 0.20306626737225197 -0.04829809952092185 
0 -0.33293655772039576 -0.09028137512833377 
0 -0.0031654324342434946 -0.19063521441655548 
0 -0.21670022190400942 -0.01864253312052908 
0 0.3149652816143029 -0.1543833183644719 
0 0.020587232215256032 0.004561965620298704 
0 -0.17161316038749427 -0.08672602919873626 
0 0.4725278185844608 -0.08572845075946675 
0 -0.23542024361417632 0.04773811602020322 
0 -0.19214185367672373 0.09517741744443642 
0 0.007114499894424212 -0.1688656940513421 
0 -0.03523558531008357 0.16367067015804845 
0 -0.2363680619922583 -0.055807344662973324 
0 0.39901983247629597 -0.013634750459090747 
0 -0.6000692139480461 0.08803806255736651 
0 -0.18520507008955098 0.024419372912462725 
0 0.3834051119773263 0.17682088638998203 
0 0.07834572899716719 0.033886763739080436 
0 -0.08099523822237366 -0.02059654573786935 
0 -0.3288026871300239 -0.14450337663289028 
0 0.48686134150320853 0.02530180136780344 
0 0.09734623171424973 0.17988790877837252 
0 -0.4012724294658619 -0.05437387514004601 
0 -0.23861119306100562 -0.1530030176933968 
0 -0.2103082124705631 0.15332570733794376 
0 0.08678368322947763 -0.19328908093861033 
0 -0.2672192327352482 0.09897187901664722 
0 0.15555165145384436 -0.163336378787972 
0 0.1379245706696711 -0.17737639946008135 
0 0.18428385667721203 -0.06795147402918307 
0 0.04691971568334019 -0.1838948552624059 
0 0.16334571398265763 -0.16305272314627423 
0 -0.09670214244599536 -0.06649071533644613 
0 0.24967062485175504 0.11963309181554158 
0 0.01779452921309188 -0.16925411019187914 
0 -0.42499729771431494 0.1469652514147584 
0 -0.4733169970282942 -0.0623670250916826 
0 -0.21316284297107924 -0.09406818042255136 
0 0.37495213309630177 -0.13383702449605087 
0 -0.36855729983113766 0.1021892309960011 
0 0.36213194140369886 0.043243956540092374 
0 0.4458332694589984 0.05226396949757689 
0 -0.4724907295849752 0.0906531734591771 
0 -0.2656588835747662 0.10005688012695535 
0 0.418989737630593 0.04781535668832278 
0 -0.24658864376364226 0.11515879766725988 
0 -0.2504088008323769 0.08215186268332482 
0 -0.3528002763697801 -0.08399373212834894 
0 0.03921618548319744 -0.16006255386235427 
0 -0.3932511310078801 -0.1091912617627896 
0 -0.3862819892706117 -0.006697538329748643 
0 -0.1072768620956173 -0.09469677058615192 
0 -0.38499495272556206 -0.0045583984059863105 
0 0.10533788852683451 -0.2790925937147348 
0 0.17457369798154682 -0.10061114784589582 
0 0.05492984859532055 -0.07470454916674112 
0 -0.07499705561837948 -0.19489788273616965 
0 -0.1680114281609486 -0.18016840462787623 
0 -0.04532231740669805 -0.006767930573784336 
0 -0.2879013139808264 0.03832578883681867 
0 -0.004431417340877458 -0.12745289375010024 
0 -0.2025845843104464 0.1599437629335771 
0 0.1088682199445224 -0.16360612646951606 
0 0.008155600648254307 -0.024537371239104707 
0 0.4987887535015286 -0.013473258667499327 
0 0.282320824369273 -0.12715565630413828 
0 -0.023422285620621437 0.006777584302288213 
0 0.21531518295603572 0.08873202980127909 
0 4.891270041737857E-4 0.18971404372502765 
0 0.04417609644934796 -0.16265759137074887 
0 -0.20591039722867138 0.1651602908994222 
0 -0.4042982641785027 0.016314475675742717 
0 0.4752473894887779 -0.09574564115371613 
0 -0.18006297769419 0.12104467913879421 
0 -0.3515773912541045 -0.10728881925750441 
0 0.310070754411407 0.1361163839662741 
0 0.0169824975444514 -0.09686798148665236 
0 -0.08008354485096689 0.11128521728376696 
0 -0.660098386602971 0.01014840915580048 
0 -0.09266471571404573 -0.11965610017453185 
0 0.038378801197267144 -0.12669516303778577 
0 0.2438923407672131 -0.04736165244766689 
0 -0.08659494964733576 0.003326663822963749 
0 0.20742064789531986 0.14453826749753695 
0 -0.09239643317175389 0.04599160083179864 
0 -0.07579934642547231 -0.0830053634945574 
0 0.5751308974410906 0.053192110567555156 
0 0.6310351814917943 -0.03422736058019825 
0 0.054160848604401526 0.1700676429549231 
0 -0.2773329074070728 0.19304674472731606 
0 0.02139658727062585 -0.1712687122187319 
0 -0.01167195755584675 -0.18025040487598787 
0 0.038065803806724266 0.08027893137305057 
0 0.23476079469930777 -0.19108010635068262 
0 0.16336905981323305 0.1627795730223222 
0 0.00518606182608765 0.06813088761565154 
0 0.5586231199250291 0.020511412652431168 
0 0.14981689345823715 0.16477148326882554 
0 0.24383443654707904 -0.12241447294813355 
0 0.3688911664261429 -0.12480954378109528 
0 0.2162815130963449 0.14003152538932118 
0 -0.33435586960131647 -0.059291538131007564 
0 0.1759953001957867 0.20637833568628305 
0 -0.30376822769197326 0.04761266711538183 
0 -0.44817013237635267 0.20481628028322424 
0 -0.08998990129621694 -0.035063187299190716 
0 -0.20057368347080884 0.1427420785272837 
0 0.5363311123662436 -0.006611961392140672 
0 0.17151971045557596 -0.15309187066111793 
0 -0.05004889166038586 0.15098651111958275 
