0.12234025118 0.0763998431016
0.406728842534 0.392864264272
0.463281599534 0.504394085139
0.154999173719 0.187013794921
0.404784255456 0.417492697307
0.118214690387 0.100171169098
0.713203072806 0.702064965609
0.153018053797 0.147395506336
0.23464754341 0.233641529138
0.510358455811 0.503573062978
0.0571133573538 0.103628855046
0.412889534679 0.398803188142
0.920103120386 0.925136184465
0.850739827491 0.848894245402
0.892983577395 0.931888156364
0.182481619374 0.171443626012
0.543845923374 0.560121963224
0.953121961198 0.924679724941
0.833209426138 0.828490885791
0.410751686659 0.422642463545
0.539096538075 0.52075486987
0.809000058333 0.797074178565
0.581408462957 0.553041667567
0.545246589866 0.526390300515
0.374229514174 0.337203838595
0.406487479891 0.4104039874
0.298880761055 0.336204408292
0.964988453525 0.946667680275
0.368102793417 0.396396697511
0.134065788093 0.12463408584
0.9299874489 0.978585842861
0.251283550863 0.266150294337
0.7693032235 0.799128786252
0.78787993289 0.781104000834
0.224706261267 0.177950052725
0.75858079136 0.709765916224
0.362963945525 0.329418451636
0.298401907354 0.268585903105
0.279887529103 0.321754788818
0.744458400475 0.765788005576
0.953281994631 0.948321383894
0.211887357022 0.221849396608
0.663043582463 0.665763843845
0.74231725166 0.698317735652
0.433290518584 0.399776049334
0.134265583258 0.112515138203
0.684451012052 0.65003944315
0.392571904444 0.385075971775
0.0618752198005 0.092226686121
0.865626987436 0.871919534433
0.827962738876 0.829924811283
0.326401030246 0.363132054598
0.229033381319 0.181178903176
0.815308515876 0.821183540419
0.294606075374 0.313930732372
0.663372123049 0.705659177949
0.829488312747 0.830335540872
0.318783447098 0.328291254149
0.601428146698 0.572114255852
0.200654656972 0.162986498696
0.457456450374 0.410753722401
0.248893635501 0.218269725504
0.890405450068 0.91384759223
0.999866665449 0.981507543354
0.368268009878 0.375695764496
0.0496935746633 0.0907641806539
0.709843226605 0.672796505727
0.427942611751 0.470213744719
0.0888170696034 0.0749505724786
0.430734163853 0.397143239798
0.418339066692 0.453027432054
0.285200645862 0.309105436383
0.398324566486 0.359729264396
0.820729581865 0.8299234372
0.186871853697 0.199496164066
0.93596755916 0.959827553068
0.0461623647544 0.017039228817
0.420338608248 0.450188679306
0.792460417766 0.810396771181
0.703814929782 0.694354195114
0.463700951947 0.487179163282
0.0147317675629 -0.00400444606135
0.520847039765 0.48468162585
0.26688395528 0.23127121543
0.281046950679 0.319399635903
0.486221175785 0.499464916033
0.427170185344 0.395582217397
0.267073880065 0.252563154683
0.902243025654 0.864973961894
0.195328532582 0.217396705898
0.565138493854 0.575742251211
0.729141644661 0.771333622139
0.787736567829 0.800690949685
0.1530626603 0.188181042348
0.784908834206 0.786858375713
0.534551888372 0.565894926625
0.10473775778 0.115900556683
0.448892739629 0.477561162265
0.183893949716 0.15692912648
0.633064932768 0.597732734514
0.173393810382 0.172156873668
0.87587120817 0.850068141002
0.826482943421 0.8085184092
0.887041104717 0.899937176111
0.74100346385 0.727309732445
0.655565052871 0.621371398127
0.528486784371 0.546048164155
0.775813889724 0.768534163911
0.521698474833 0.528492459347
0.0268297725609 0.0514902431233
0.3096179577 0.339855289348
0.986389867741 0.963067888329
0.505479378 0.521236844465
0.899927659133 0.902120883329
0.975716461312 0.982726707476
0.745493160049 0.79329306375
0.374205097889 0.412670119029
0.0346999440838 0.0784716754536
0.997964996732 1.02870095794
0.790927757937 0.807058601543
0.270979204354 0.277898172358
0.502488260513 0.520372100447
0.491555350638 0.501512956627
0.307141120156 0.257239713806
0.688095807901 0.711922127811
0.847244112855 0.859015408389
0.95056154317 0.949939461321
0.663759666407 0.631493902942
0.860598035748 0.859275225437
0.274633491868 0.244092812545
0.77827939366 0.741583946639
0.742843073638 0.768537701267
0.240142444726 0.256144645174
0.584226421349 0.627292098811
0.702456645363 0.680718533532
0.593335812023 0.578412625516
0.592155596883 0.605350745017
0.798525596262 0.824931007819
0.163736818058 0.203211478168
0.229157648336 0.232836508396
0.862274851759 0.889862839614
0.9445314145 0.911970943842
0.807289444079 0.758893600043
0.0137908305548 -0.0196786705142
0.544183358614 0.545660256125
0.634748573145 0.611319940474
0.672651288064 0.685744828198
0.206571004494 0.187362551063
0.310134372069 0.351539731628
0.970119845401 0.943616165229
0.282768972083 0.316975762586
0.800589302828 0.834536351237
0.969164561584 0.991549576088
0.982900830704 0.982437460856
0.778472922133 0.77370270684
0.239082150962 0.189725546153
0.319259401881 0.28681428028
0.891396470567 0.936736677429
0.752081367983 0.779672219217
0.956616361282 0.938967705791
0.485424463391 0.534818827912
0.1750231601 0.138584395558
0.0538286276615 0.0847546183013
0.83897509387 0.887523857678
0.364401295793 0.376687387546
0.493388257287 0.457186787338
0.0621199299545 0.10066158453
0.00195358774068 0.0495360433761
0.773629727553 0.813785362017
0.799728613934 0.813591225631
0.439476138193 0.477128695282
0.186903320495 0.209780224357
0.495007391506 0.510431638539
0.814741645522 0.836535708032
0.85342496637 0.812823053692
0.174978275138 0.156036219285
0.907820229639 0.868885174283
0.713536618178 0.75886960995
0.708987180424 0.712054047278
0.591225753719 0.625951483554
0.898759024258 0.871207909485
0.38461201796 0.430945760556
0.138888593738 0.174537500464
0.111553631917 0.119281769414
0.0170361570902 0.0407152679397
0.336294577772 0.344149252012
0.717891312054 0.691492109432
0.889396643326 0.850021682685
0.767258239102 0.763871844973
0.210535746767 0.229145198444
0.476821735022 0.479094148801
0.616052566152 0.567679545387
0.93566741484 0.923563385759
0.587110499959 0.591444240929
0.832564778563 0.863506736692
0.322850769298 0.363925933191
0.222241821111 0.195980237783
0.556967190335 0.552551922815
0.23305744355 0.278451942008
0.506090320968 0.483538552463
0.264786026798 0.224807731232
0.484158434678 0.508494761171
0.60317734513 0.576295417219
0.471920690616 0.481966259748
0.580069460849 0.554269627307
0.898828193998 0.867880018174
0.708508590827 0.748353556257
0.332470601989 0.315997508875
0.624435611488 0.595538296981
0.021201045576 0.0435196447729
0.840968181513 0.844259146743
0.06084236054 0.0671252262891
0.534475562869 0.496076817249
0.468663744035 0.457505548569
0.0333269504058 0.0102332734465
0.399946060535 0.352296460943
0.65541477444 0.686434614986
0.715760878934 0.692009727704
0.814548909303 0.765171276129
0.126904187082 0.138164504202
0.903301697363 0.946977373316
0.640475268676 0.609446105889
0.129695168228 0.17699631988
0.588686447526 0.607567846406
0.296297839522 0.313694987254
0.936667967948 0.929843728547
0.0924212746871 0.0933815205292
0.296873585277 0.327425079151
0.120198797689 0.166686072294
0.290871017198 0.257924750539
0.977370221971 0.952246063537
0.389229382723 0.341690572524
0.750887813736 0.711751079023
0.00113201958874 0.0424636813699
0.682215922465 0.668789204417
0.0798580940794 0.0888746257653
0.57269446666 0.617663819036
0.0169755446922 0.0323583905415
0.478208010366 0.526827881929
0.820170012164 0.780538215873
0.565399150894 0.52869047026
0.533903742174 0.540363971614
0.561377783891 0.541440094483
0.360590177083 0.355527121709
0.298368520753 0.322601153357
0.0567159602905 0.0623815781202
0.189535282219 0.144506655415
0.610621645113 0.603485317399
0.0813989951021 0.103748655323
0.375492978516 0.375215955389
0.733478334667 0.757579418844
0.0539889906292 0.0136890398144
0.398338830882 0.429968008044
0.709064104744 0.713924684171
0.942392014541 0.990536668966
0.519255298318 0.534216327187
0.95422338 0.934615502038
0.404901293969 0.409746993466
0.717478072149 0.723038797358
0.863927897742 0.828038293425
0.239585328313 0.279982186825
0.468240896036 0.469634918124
0.775346381926 0.743499160884
0.382918039092 0.340572554409
0.939796955386 0.985082243479
0.779336445459 0.799080153704
0.362723886577 0.324111643056
0.652795351749 0.697059110232
0.775175796365 0.804067029564
0.895999495497 0.856451085126
0.2531776711 0.273719070478
0.293370244206 0.277093902348
0.211036485335 0.206582884775
0.0908007756452 0.041216260561
0.959101302833 0.923445096736
0.122867098365 0.105297017039
0.728134250582 0.755556997665
0.0172739936062 -0.0112562914604
0.755541746338 0.787613362114
0.858091102734 0.900736836346
0.765490836241 0.778165218905
0.843966907285 0.799316935175
0.798987771595 0.776302697677
0.744201126706 0.778804246746
0.192141452612 0.160731473992
0.0846949084012 0.0800394381725
0.0705149008551 0.096988086332
0.597070192148 0.619033809285
0.387920984696 0.392269521205
0.75179938127 0.746343221594
0.334903580467 0.304712619619
0.0767641799551 0.033136992424
0.190549429665 0.186980888815
0.440013292254 0.40835559184
0.173018520117 0.218059312084
0.392895210461 0.415212021339
0.336221987016 0.318480814557
0.285940902794 0.296929063567
0.233515973732 0.282198006234
0.84265372118 0.806824944063
0.00598223429302 -0.0256542231856
0.713250349415 0.701853088155
0.716207722489 0.745056394791
0.874588837668 0.89745744456
0.0823419427951 0.0687525918121
0.555894044848 0.515191816542
0.916799435911 0.90106314197
0.285378835649 0.330934910354
0.784393570536 0.826101288821
0.280620496368 0.2573992979
0.240249158857 0.220175775945
0.148381568508 0.130841656069
0.372132421745 0.399036236223
0.901545460198 0.87190064447
0.700735376349 0.709599153979
0.0592292763901 0.0287229383143
0.620021332565 0.656852882035
0.939572188811 0.957049814918
0.207873956311 0.257578435963
0.334778358463 0.328441939733
0.238438589968 0.249981281779
0.26867112664 0.265110144727
0.0862857269446 0.0964641525711
0.784755450394 0.775729032405
0.00908922403805 0.0314446909147
0.90540785407 0.869315690716
0.877914067045 0.909139940905
0.355061752612 0.389370684466
0.938935012435 0.968690529063
0.775386444847 0.737054048405
0.448942778103 0.443005905883
0.716780338316 0.712631853124
0.570615178701 0.552201158193
0.855588127328 0.903121553527
0.283608320488 0.281073200718
0.582824836477 0.566641474227
0.263096951441 0.247562255113
0.903704490078 0.88417084741
0.767542259492 0.812681122496
0.84527302314 0.851823597983
0.00956368410691 -0.0350939142078
0.659897947373 0.616540350337
0.910841964229 0.879323890733
0.112149883972 0.14948239876
0.844453754364 0.806350689096
0.494337880623 0.539808902844
0.222400470151 0.211434649864
0.763128962473 0.78697081442
0.674224823344 0.669617971808
0.477033360372 0.503199732762
0.531566983986 0.505961809188
0.676805729866 0.65624584423
0.864933507227 0.827487758581
0.834891410263 0.861126806207
0.181994694375 0.229383210668
0.627018818579 0.676047577611
0.961376071632 0.924463147913
0.288521693259 0.32716536611
0.517282091413 0.491776013629
0.908029355086 0.953161826799
0.2826732326 0.278638684914
0.377500518781 0.422936230339
0.428539399471 0.466062204465
0.874631622753 0.83019062963
0.443090120921 0.470292021165
0.140804754105 0.15781174767
0.409068180048 0.372131984096
0.865938998992 0.837348521246
0.865464105469 0.903267430174
0.882523096931 0.901438554543
0.541295695608 0.541720234079
0.0770901426433 0.0585727281264
0.838061405647 0.885610738823
0.979427460688 0.959951678316
0.458435667278 0.433222356235
0.783399410548 0.803545966895
0.174673586125 0.157492604745
0.83615280665 0.830057534114
0.844451362957 0.810927515503
0.143446657769 0.0971344523159
0.298081249672 0.286773389561
0.13870877871 0.11203718507
0.482197179779 0.48829195614
0.136307093331 0.102056005054
0.453089535501 0.417396316336
0.449168362735 0.486092980423
0.819555344227 0.815184130286
0.2719981378 0.260922994255
0.335033236522 0.373989332768
0.102492202485 0.0935753792859
0.0289932648709 0.000560552737688
0.872878409035 0.824431921699
0.749997043413 0.731681402039
0.33337258871 0.315696447541
0.515373030001 0.542518570636
0.776686936325 0.80391019743
0.714699601944 0.699042821966
0.107436539182 0.115854205467
0.422494566538 0.418459368899
0.682129555595 0.66469644053
0.807223276453 0.811344100335
0.114468920873 0.133325749124
0.0804175851992 0.067211486122
0.638523852948 0.661571997104
0.390201257408 0.38477377965
0.946107617505 0.932026419439
0.85557676837 0.859022356158
0.741001329451 0.741332244357
0.808544209532 0.832317823566
0.466136718122 0.503136925771
0.516667491473 0.508775336746
0.0899268551713 0.0946879769809
0.089885649815 0.109728753595
0.176398528816 0.203808912903
0.963847791286 0.926096694285
0.387853490969 0.406865782286
0.691417198478 0.735177946701
0.0960829231592 0.0864029685463
0.793040140388 0.747403180077
0.251303641331 0.235587809442
0.879320052696 0.839439071124
0.0942321263029 0.107101449158
0.646428731364 0.683675597063
0.839505823015 0.851029688888
0.485918005065 0.454933445436
0.588172024596 0.57158189002
0.630275665909 0.602597261235
0.638783789164 0.642579152513
0.169351325513 0.137581228737
0.819795940125 0.834882481184
0.301391730119 0.265211501837
0.351790764795 0.386236252635
0.42231217258 0.4222297951
0.337463608078 0.33987802371
0.0578203878127 0.0478266739436
0.609359832038 0.623328430197
0.120560409368 0.0802458363159
0.0588321838863 0.0493201537308
0.956522597969 1.00428544668
0.62850260108 0.652445849339
0.399381252332 0.43065930652
0.431484137341 0.412402242995
0.941014236426 0.986250576624
0.368945983757 0.339489008318
0.386625320133 0.41612938544
0.990812890781 0.943061938802
0.885135184656 0.857806775502
0.581473165406 0.598803057636
0.0403318576181 0.0535572193573
0.545564932069 0.535666166715
0.654560898845 0.677307484527
0.91192847239 0.923716938617
0.0584351583194 0.0540606489867
0.38650246099 0.37492276378
0.0868095671523 0.133999980718
0.766888019177 0.769322216239
0.958130047398 0.995720230319
0.336051086619 0.289606476895
0.567655499468 0.61100761286
0.680600901112 0.632203867461
0.707303860278 0.75597684688
0.0374830676185 0.00292020528017
0.191255593911 0.239136044545
0.858445483912 0.818755336717
0.616448558695 0.64573510525
0.149369646007 0.173251599661
0.562897486993 0.612847046594
0.13185722383 0.117153519476
0.170449754376 0.127035984078
0.533145051885 0.513678818852
0.373433965866 0.358498172175
0.846534687627 0.798958247784
0.472802730465 0.449393789209
0.737313275118 0.776573836636
0.835161885338 0.878253681167
0.6815280044 0.710313666062
0.629501783826 0.625307913449
0.184656263384 0.231775311439
0.72325393555 0.76396121875
0.0527150587731 0.0409525847706
0.372909102388 0.364572988892
0.635731430384 0.673838959708
0.952978805232 0.982736696406
0.659364556529 0.664646595323
0.96013852457 0.953024145513
0.374856251396 0.353693969434
0.0846295804357 0.085500907947
0.694105764098 0.686827207057
0.561000575751 0.581530935297
0.527454176468 0.556428136011
0.311800681871 0.278343499784
0.112709658491 0.098040046689
0.452279999403 0.488683511377
0.11734466289 0.0940576151927
0.625241174718 0.662730794501
0.480311343696 0.473468978607
0.754356791712 0.756381160004
0.840418499444 0.83658020633
0.895457295995 0.938961665675
0.333817025286 0.305362828358
0.522770278261 0.517979935948
0.950444384636 0.975481736574
0.583313259765 0.543029033515
0.870200408706 0.833461436438
0.0705220124971 0.030214725915
0.228673190305 0.276891230521
0.588329783925 0.547655100323
0.733755119411 0.690288433198
0.411074292336 0.395891168998
0.583013008082 0.610133030948
0.095743179253 0.0483271826202
0.370044606796 0.36466405618
0.504138625767 0.529391063675
0.576724975059 0.568438210979
0.188991630026 0.237323987688
0.285971835679 0.288495374745
0.81966411259 0.867311880187
0.220482948165 0.193305249239
0.102297786635 0.0960227904188
0.134029203349 0.127459787106
0.36139702183 0.365106950128
0.401414416916 0.418691081203
0.601497285168 0.593601141501
0.921361773276 0.873268187859
0.403765432786 0.439515287385
0.124107702211 0.153673529662
0.696886670276 0.659237933603
0.155960414392 0.124638403313
0.520131345215 0.554952268585
0.431920224635 0.447261239073
0.810927004207 0.795852546452
0.96990044767 1.00714295751
0.942949571844 0.968993415925
0.762016105415 0.727251249652
0.122403199754 0.091035455329
0.324321360979 0.365500053729
0.117698037158 0.143024652116
0.96550674205 1.00185211498
0.127975422761 0.12672401324
0.00795980277045 0.0167473179993
0.675563679606 0.650719884255
0.883741097479 0.846463702479
0.981810369791 1.01306496933
0.799468287456 0.805240628713
0.00121217267996 0.0224467001407
0.602866267438 0.562301272642
0.328402032729 0.300514920026
0.0625150937276 0.0398912757475
0.255189794327 0.301039594445
0.31287561163 0.28810130337
0.10733904082 0.132617407191
0.296189186846 0.278162799171
0.101914932235 0.0781056659866
0.58200230195 0.599976229048
0.4176363481 0.417044451195
0.544897773259 0.505235721178
0.935780678951 0.949126712012
0.801299122577 0.850981926617
0.937825266576 0.936130222419
0.815800505719 0.848850010339
0.369020219983 0.368530880723
0.962400429475 0.918081095389
0.311981269463 0.305924685289
0.228457021135 0.185943099853
0.892192275923 0.918734153089
0.370137266551 0.414108906058
0.116745072054 0.129007834776
0.414421350374 0.412221881986
0.169592652729 0.18163449333
0.469410045179 0.428470086623
0.565372741305 0.541309196699
0.416032142319 0.433988812003
0.612524450829 0.641000261397
0.314768421627 0.308180643264
0.84543963414 0.833598836826
0.543225989322 0.519454008074
0.143353098592 0.0993125272365
0.223021034373 0.201689244207
0.934051156166 0.891376854527
0.980814763737 0.945054268075
0.147591353969 0.192116183177
0.48135340633 0.505872369442
0.821044470294 0.792445477519
0.268517570674 0.279807784685
0.64085117376 0.595674401358
0.0479319096393 0.0431222477648
0.60430287757 0.596168633835
0.730935619863 0.778406468166
0.301627605124 0.26826903903
0.111558630049 0.0903668161342
0.453197854985 0.411008078568
0.881607007986 0.877105044375
0.72285742538 0.69362726131
0.404813455534 0.426556494772
0.589243316737 0.602432857403
0.184004664232 0.177309555085
0.197345768998 0.167928373862
0.665517087505 0.628478083392
0.332925470864 0.377314230901
0.0794537598337 0.0946162171285
0.801386285818 0.79649616096
0.722855561191 0.720886181461
0.552334277466 0.551680370661
0.553288651074 0.566986301673
0.208962754131 0.232067411892
0.922520498807 0.895290275285
0.846745491279 0.82494400101
0.0253620392813 0.00814305926687
0.132432544761 0.174602205602
0.922748083969 0.890128259691
0.638603046898 0.612808917897
0.943308741883 0.90542689079
0.405752091447 0.376850275358
0.391363500759 0.351223200217
0.894381410256 0.909461081783
0.581148350495 0.589334737062
0.071855126541 0.0893499473403
0.95794021118 1.00067828692
0.767181958086 0.81446399464
0.396243002317 0.432774852696
0.0570994863367 0.0137080314814
0.494813319558 0.489724990474
0.951028467913 0.945070936239
0.791477144883 0.829734681409
0.138554670187 0.153138168657
0.34151772744 0.304062896561
0.434531613089 0.394574517403
0.36028880901 0.326987584147
0.892813790949 0.914326614315
0.87660263391 0.832689326185
0.607149436805 0.646072525049
0.0626956983661 0.0517393819651
0.901234044306 0.93158973429
0.340944812172 0.348499606107
0.46437459665 0.474911657478
0.444722496925 0.40239948394
0.373783680268 0.41907466184
0.979521690767 1.01723184059
0.933617210263 0.958712012628
0.184560161226 0.170610744776
0.613236855553 0.620669584425
0.0719509090316 0.0974199695742
0.597532539723 0.594301396076
0.00336545070726 0.0451616290624
0.4239634665 0.421830509178
0.116834522969 0.0672354447127
0.5926088125 0.638537210086
0.0143131312373 0.0464000612458
0.246956291786 0.280635160975
0.0291851000467 0.0414958696988
0.662491695902 0.647639898705
0.690871839815 0.674430528371
0.744366127453 0.712933721995
0.464264803861 0.425790415062
0.706015522065 0.753791411837
0.687897097406 0.653488937625
0.704832661763 0.666940742818
0.150915725778 0.187753564485
0.0520497019482 0.0404413266505
0.371364040834 0.407375039498
0.816667674842 0.820105787085
0.32410081912 0.357039967655
0.602705806901 0.590314312401
0.987002149635 0.956192537661
0.729799055647 0.729091983868
0.839648311905 0.849970430911
0.745712898837 0.730014116316
0.35041479711 0.301950982462
0.72221857364 0.711546539986
0.761585889361 0.781240228605
0.491916721964 0.466939426874
0.767006454313 0.77343157996
0.236184828055 0.204281082152
0.929125336684 0.88823887522
0.409903351161 0.442306357208
0.519371322151 0.489474153442
0.139405149568 0.108719463387
0.705869660826 0.747200414711
0.342388699538 0.349171215249
0.682479813426 0.688001129212
0.630571458958 0.656967840024
0.937831014965 0.976927216881
0.370567705987 0.393231416166
0.256344183557 0.270150365203
0.996733574337 0.994681976248
0.608299821519 0.657552716325
0.584025425109 0.563926556867
0.175730578155 0.169038225148
0.525302614134 0.563883044012
0.244198422972 0.274923298582
0.102019394374 0.0749717170349
0.256726292418 0.220605687894
0.869321694995 0.843542398114
0.170680412028 0.1737854314
0.477690099027 0.515236309473
0.406658756055 0.359571943714
0.741435400254 0.723975132862
0.132761657137 0.158935871327
0.391887536821 0.358891490882
0.589838500908 0.575019303613
0.661518751514 0.684404989186
0.201825842255 0.24056841235
0.012514681403 0.0436693742501
0.266154317873 0.236211063124
0.356963387418 0.354345664025
0.17929815907 0.216515805765
0.902019963159 0.87676467719
0.567928328313 0.57206426944
0.95956408412 0.932898971943
0.52246155926 0.571751290505
0.0339627339859 0.0696573062291
0.103803019656 0.141870254106
0.260910466923 0.296031660183
0.790432905554 0.750652887534
0.228183009314 0.20112449081
0.493261986848 0.472976550655
0.786687761147 0.827283153524
0.242713207938 0.274449059168
0.267007872956 0.286259897606
0.436036778602 0.456631072736
0.0203880049709 0.0444991756564
0.135899236487 0.097402935751
0.432698572347 0.403219401422
0.731223295544 0.729918536971
0.379655047245 0.38530608847
0.964233700313 0.992681169818
0.310797002027 0.310152933614
0.852144851887 0.86685587125
0.0825263686773 0.0487784541722
0.344977636584 0.347290494798
0.432641516111 0.407311524261
0.568703471346 0.543944110475
0.312786309791 0.30164857296
0.0613364764415 0.0998576352063
0.0210795162263 0.0676391689667
0.945598570575 0.960120863614
0.640821835539 0.597520998169
0.14685090695 0.172787818999
0.107191999059 0.0826591257191
0.18989579229 0.171117200691
0.368384196418 0.334827276604
0.332021952993 0.360051040516
0.887406359695 0.879834996256
0.979820879481 0.938377480463
0.536829288661 0.566890975221
0.862858416237 0.906798514091
0.00419475857181 -0.0206580678259
0.911609679866 0.906243551413
0.0326033021328 0.0455410372366
0.737865736516 0.699412295546
0.971982760879 0.969143021287
0.0760465972145 0.113185697495
0.743818953407 0.79344865418
0.474744483919 0.44493523729
0.82105667681 0.836873439306
0.535518491587 0.489867989118
0.228627411657 0.233994056887
0.691607176892 0.660566634865
0.996407217917 1.03323429148
0.230037369622 0.247576173098
0.996466034197 1.02777502351
0.880783901956 0.894882069531
0.939518688738 0.926947579288
0.820241027561 0.802635592418
0.491362309434 0.504567658969
0.108090961329 0.104916993786
0.251645482645 0.295218872795
0.863976171275 0.90241874788
0.381006039114 0.379012072039
0.396093129736 0.384575628699
0.855138140968 0.856404984102
0.0900924694274 0.0529590807163
0.516992624667 0.511825814908
0.561566446884 0.600058630805
0.543904378503 0.571035576257
0.236837189067 0.271111521537
0.959575242875 0.935673297374
0.403652724365 0.436778493228
0.170473231592 0.163232997096
0.612396979677 0.576426334815
0.328131794096 0.356294435727
0.846440128032 0.808563229092
0.113641627563 0.129577236512
0.0459635238065 0.0272225191515
0.38581868714 0.414234620737
0.574747842001 0.556689254593
0.683179035798 0.638417754613
0.207387068601 0.226149705495
0.465422922253 0.471424905291
0.0434028538713 0.0462912678399
0.557609603245 0.570302960442
0.0531719254473 0.0699498547581
0.112163119168 0.0764012654378
0.566412283371 0.591023823371
0.738330479849 0.773679653196
0.0242894539147 0.0554418316718
0.159498433021 0.161140743101
0.543584234811 0.559477394555
0.328223668875 0.33660171885
0.988300916098 0.94456345623
0.888356983156 0.885315510244
0.82391311781 0.871137766617
0.50632326548 0.542895720211
0.240893044618 0.235943908977
0.345837338993 0.338420232172
0.758889874736 0.749035865656
0.707949717347 0.748458282919
0.0966792226667 0.114798898559
0.54996380001 0.573876251979
0.508994301088 0.51873633882
0.373709355408 0.40522794364
0.564377010403 0.535903978349
0.367440967247 0.344507503519
0.268715100679 0.231154005438
0.0950746989763 0.0592098177072
0.312218142419 0.341858270788
0.140132751664 0.108120797418
0.403441656515 0.390029283716
0.879709169346 0.886401717533
0.725593951066 0.725935174478
0.93245227055 0.89185763925
0.329318242705 0.347374816718
0.923270238051 0.945765638141
0.949907598441 0.901931051029
0.642075254237 0.613334953647
0.826343529114 0.816311615385
0.598904019541 0.593192598805
0.503358627587 0.488092010402
0.0485610559594 0.0296993004349
0.875251165459 0.874681163317
0.587397690962 0.554425508009
0.795800775181 0.845030496142
0.0840976853344 0.0793850477002
0.00884431900755 0.0419901596607
0.767547259022 0.754378233021
0.254575596595 0.268363671895
0.500243344393 0.494160238995
0.237486174869 0.215978546492
0.699784839989 0.652820929289
0.0967800069531 0.123119876476
0.934842020203 0.925042190397
0.63913197453 0.677187989275
0.502043035057 0.4893041905
0.756462981655 0.759910956515
0.045547031245 0.0430215667838
0.832038150414 0.847310470007
0.333021681388 0.37016634288
0.375131762122 0.421080700623
0.444128272291 0.457557507311
0.232695483789 0.263622468186
0.71872808082 0.734765160611
0.626513943158 0.631223775241
0.684217365394 0.712301957574
0.448257049513 0.483650391159
0.530388277497 0.57496644512
0.542752159602 0.541415470081
0.871772718214 0.861970285656
0.600892822372 0.604117228984
0.663728445652 0.664838854672
0.545061098222 0.584303825172
0.647927078856 0.618201940083
0.92558290723 0.903242242932
0.365348568896 0.363400621321
0.0936611983523 0.131996676016
0.860199978106 0.90918677306
0.895347395355 0.846091341927
0.157705941749 0.184308473643
0.169001391222 0.184960200416
0.772868867745 0.746255453894
0.103446114926 0.05783842283
0.779599235901 0.786486576452
0.683471290562 0.648519117638
0.0434305931389 0.0158771971509
0.0440394585346 0.00623825416944
0.0391679437359 -0.000188385415683
0.207349494423 0.241716040349
0.610788222244 0.602784490086
0.687220347026 0.715089425557
0.77551528187 0.73295201586
0.226964822201 0.274525983905
0.258194699075 0.270203072934
0.625710325732 0.6756496414
0.442352683971 0.422599982117
0.339278855017 0.352146974538
0.98507823197 0.98746557465
0.586660098719 0.53849262457
0.38126570724 0.41324005212
0.229335614119 0.211511841891
0.899198415261 0.884876393683
0.327630109395 0.338476606582
0.524426048536 0.554880796637
0.487971529752 0.485709927735
0.288241520014 0.240977206552
0.551930108079 0.550540854165
0.91967363679 0.902596389912
0.467566149079 0.445329860613
0.580030818888 0.585945493465
0.548380958138 0.593081646814
0.623613966866 0.631509768345
0.53524717358 0.520765709759
0.910607582764 0.945736576723
0.901113666503 0.895544286954
0.0374172015516 0.0852888501121
0.926846114432 0.933623482852
0.413409235275 0.411606169893
0.299458029444 0.320066147719
0.134344327925 0.151679904568
0.198892383208 0.213321043422
0.181763126244 0.210075701622
0.762706875919 0.732975164519
0.52839206967 0.504464317483
0.676075736994 0.694480393445
0.250706425422 0.292350374522
0.81538865873 0.864047620934
0.101093244545 0.113659824301
0.435500240058 0.405055791722
0.680080250567 0.6620342751
0.830218863307 0.787978118881
0.306306308883 0.335505189876
0.19291850243 0.237179887921
0.644278252092 0.687073852797
0.0122691381743 -0.0203030041812
0.64046784725 0.611657295297
0.785509265507 0.7834516098
0.429608424142 0.441323800617
0.718103438818 0.700665018329
0.739403653638 0.738068647634
0.195979754601 0.153907911803
0.891948454882 0.934221190605
0.57295300631 0.546264518057
0.0645454988586 0.114276703924
0.831418269421 0.823770902615
0.856707037098 0.878111492918
0.704224924174 0.677431991069
0.114876137784 0.0934740514466
0.328954914687 0.343162712876
0.856065299492 0.862312734945
0.381301878598 0.423777922805
0.831739060432 0.789262644852
0.494438898613 0.528870914591
0.0170686791958 -0.0256536730031
0.278078701066 0.229818496172
0.203001260162 0.188315026017
0.832747788606 0.843045013094
0.0512267567522 0.0753926551108
0.764482959797 0.778914478718
0.488551886039 0.469331264912
0.124695062805 0.148922039923
0.60976517527 0.563302493358
0.918649044433 0.88953245039
0.948349337231 0.906416244479
0.491593922299 0.535881529859
0.488231476459 0.451394192318
0.647115094027 0.597960611946
0.685286052919 0.734713636668
0.0721281760305 0.0354836652467
0.425111848125 0.37673479142
0.271094658255 0.231256896183
0.700209073391 0.744812688572
0.112315002293 0.16209326436
0.784482632262 0.740034264328
0.435997712521 0.418664050815
0.364245986192 0.399029896179
0.043502436473 0.0265271506343
0.245592832598 0.203307484813
0.530744696335 0.525437239969
0.280054352053 0.279100976916
0.127397297178 0.0879145173927
0.515932321795 0.532214704393
0.474456748636 0.431580487179
0.402186104037 0.436180689462
0.404618039235 0.378449165834
0.493699652757 0.532450277649
0.559094113787 0.552877329421
0.225807350515 0.191628009066
0.33729858816 0.300256592174
0.878131305696 0.834504086164
0.187522952972 0.22174400193
0.570606652277 0.585984172956
0.208014072906 0.227495908046
0.318395630375 0.29330276178
0.247785356412 0.21140891383
0.936026724055 0.895119106156
0.857338607471 0.856684545442
0.743680434576 0.770768899365
0.478272912652 0.466636307162
0.708572915311 0.6932963343
0.293117336052 0.317223596844
0.336335939928 0.314752694055
0.274615318976 0.284868057304
0.623667929693 0.617101231146
0.588258012829 0.625984540216
0.516210465719 0.482182810817
0.0923059412969 0.0575322303591
0.807287524413 0.775285812171
0.73448391007 0.695662714299
0.39414673037 0.390136809031
0.714088744765 0.749743905291
0.606683729452 0.593660892267
0.711167132938 0.695614066537
